5.694536366396483196e-01 4.511904420020897422e-01
4.855661717503915731e-01 3.443936214082293779e-01
4.485499087110104144e-01 7.464710930527581612e-01
7.048491293080613174e-01 5.062792563570426285e-01
5.134982787473363341e-01 4.084571260688502625e-01
3.295861904382944019e-01 6.586372367534487626e-01
6.011793511295482340e-01 5.122133234998325069e-01
5.665831278437765128e-01 3.659157685867060472e-01
4.748225558478771924e-01 6.024531888938594593e-01
4.901473958979816192e-01 6.761082511444124199e-01
5.789708863500282465e-01 3.757720659415363373e-01
5.014848737628427866e-01 5.470121196298740607e-01
5.384611336436291307e-01 5.171799157219223453e-01
6.830590731674101024e-01 2.261683291926266104e-01
4.624440635012406764e-01 6.344420655008854437e-01
7.050876010985444031e-01 4.992691767667983838e-01
5.888354256015426724e-01 4.326327642451988087e-01
7.155550368805700945e-01 3.214861976867159910e-01
4.538901828187587029e-01 6.287257461560900040e-01
4.750456165810880704e-01 6.510865651131005905e-01
4.402465562119581843e-01 3.321628013370988008e-01
4.114516068349156064e-01 4.714022047688368744e-01
6.234847356238560900e-01 5.825515064707021962e-01
5.639460548977065502e-01 4.921028449996789345e-01
6.117146755318625395e-01 4.367412326977942461e-01
7.445972471768625978e-01 4.302980163224720545e-01
2.306767906288338388e-01 6.531255585157605958e-01
5.135812273569411168e-01 3.999919145767665274e-01
5.299901114043965578e-01 3.434772474179413893e-01
5.060470862876473852e-01 5.287178434745085642e-01
5.117176855012685044e-01 2.848287788724788716e-01
6.120799061270535413e-01 4.762373564946146831e-01
4.733551099208162527e-01 2.590313963961408672e-01
5.098336465178088250e-01 2.840096484994347192e-01
4.794199038560362225e-01 4.615329637158894216e-01
4.114443164647991757e-01 6.393697279052683591e-01
6.426969567266986871e-01 3.513554395218919102e-01
4.047245805111427952e-01 4.228398705973151483e-01
5.960438944369429448e-01 5.548449918267026604e-01
4.606715800764510926e-01 7.745060752579004948e-01
4.995620255840663715e-01 5.277774889283520787e-01
3.927027309780066200e-01 6.853310648347068490e-01
2.961936834882210601e-01 6.815184914121193982e-01
1.802657561763180427e-01 5.385576225409715034e-01
4.127111289533284544e-01 3.123877953612237413e-01
6.144925577553222995e-01 5.516582074339974051e-01
4.474639202821432127e-01 4.516791789278059577e-01
4.878468286425624023e-01 4.889050758062249424e-01
3.897221806424298607e-01 3.963686766024293595e-01
6.107038156859679878e-01 5.070056761124099864e-01
7.683187534101468819e-01 4.273541614799096777e-01
5.718114127714398753e-01 3.360870265527238221e-01
3.469532538356233098e-01 7.619127786485508924e-01
6.424059211497079591e-01 4.151700801348731651e-01
6.274194933663586049e-01 2.286869957855151292e-01
4.999018566186450574e-01 5.388075703235131186e-01
4.450913604260394174e-01 3.939798928960821511e-01
2.571909718360715358e-01 5.044244345476194269e-01
5.567708477451228655e-01 4.838591049052670123e-01
5.090219866277713168e-01 5.451554952592262415e-01
5.094133013829403867e-01 4.007258248890300800e-01
4.842300483688800061e-01 4.659715434553801661e-01
5.508550454267691077e-01 5.951413324913094050e-01
4.521660729953393965e-01 2.184977722292313906e-01
5.176730237567932491e-01 4.994030848176251314e-01
5.515262627814095930e-01 4.465611953020184322e-01
3.815415670324802111e-01 3.673900368539795847e-01
4.538337370673891646e-01 4.588493121793780216e-01
5.610173322320211042e-01 6.203437189653886463e-01
3.356304015021808196e-01 6.448340468301259065e-01
5.073330771392158267e-01 6.710904766261797105e-01
3.556146908681180885e-01 5.890897537689304686e-01
6.421080285932917464e-01 5.253863507308809133e-01
4.580639381344296379e-01 3.312347602832003690e-01
2.564331337764771401e-01 7.057692679009328618e-01
3.883344536457558061e-01 7.045205027111296481e-01
4.412212609262986529e-01 5.254936873891709048e-01
4.818306701199704389e-01 3.707908719184943580e-01
5.182631059376946459e-01 4.406200791158433883e-01
5.558572224802789119e-01 8.054635414920345848e-01
6.688686527955811645e-01 3.915208768675788042e-01
5.667148855120717199e-01 4.370359204074529824e-01
4.108666494793410395e-01 6.447617313517829407e-01
4.817421740587189416e-01 6.337339490496584071e-01
4.240080527606808758e-01 6.631580827609080409e-01
5.964589956191248543e-01 2.821804886096328513e-01
6.639376255401219229e-01 3.928299622782278067e-01
6.341891825681269523e-01 3.580946612535639284e-01
5.939101753911941728e-01 5.040093818570285933e-01
5.477579928978297819e-01 3.261709517623441190e-01
7.030226303262901988e-01 3.222726159697211212e-01
3.752655368676919845e-01 6.698081230424489663e-01
5.383817714683316602e-01 3.694748552038389366e-01
5.481831072877781930e-01 4.547092705291993497e-01
5.111661034620063049e-01 8.236799033148582971e-01
3.748289158679789512e-01 4.445258785552913539e-01
5.114864696891338047e-01 3.290023992995552704e-01
3.278233033058271517e-01 6.179117780564870044e-01
5.477835921468954261e-01 3.360699040849678965e-01
4.860137906598056001e-01 7.024855933448734824e-01
4.463109416758805903e-01 2.745826778704194004e-01
4.287183185313666600e-01 4.463522802863600925e-01
4.369171889399511288e-01 4.256261511418480414e-01
6.038164710501308097e-01 3.276986546334934025e-01
4.735745151846079137e-01 2.876072174436110629e-01
4.906299235747208498e-01 3.969827812816371093e-01
5.937145419208404995e-01 4.673458295128892215e-01
3.815264216201094127e-01 7.056814522301538828e-01
4.067158941737753497e-01 4.965086535913909027e-01
3.717649023881205439e-01 3.738146752913707460e-01
3.964322924178399488e-01 5.469288934054323814e-01
2.843870273414722538e-01 5.350747562982642869e-01
5.796866415495935954e-01 3.630564840533102577e-01
6.409033142391264981e-01 4.086119064720868943e-01
5.098301933451288015e-01 3.048586997045454883e-01
6.550106617348254723e-01 3.255643824008737641e-01
4.137659829347233309e-01 3.384924062876605300e-01
4.167978080546358988e-01 6.957578887654448652e-01
6.225366813353329087e-01 4.375406067614222017e-01
5.089103946234462272e-01 6.754014515523769635e-01
4.714841042122743242e-01 5.165259890771483064e-01
3.747609197956136007e-01 4.530302042543917218e-01
3.398404080921245685e-01 3.060710800077766636e-01
8.089821523400755332e-01 3.290578479032928993e-01
5.965700426824761538e-01 5.894801218025688128e-01
4.410501256147117410e-01 6.195344027783766805e-01
5.447470472254607454e-01 2.986544897084793537e-01
4.649386341673461542e-01 3.906004370151406890e-01
7.469365270246093313e-01 4.039895139000984625e-01
6.992709343071873418e-01 4.327311599948057697e-01
3.880839332850984924e-01 4.481167851730832874e-01
3.718030065617847768e-01 6.431785551348936369e-01
5.281376488718054762e-01 2.203149581757698483e-01
5.358793009282856179e-01 5.197373982858124464e-01
3.368335249359662442e-01 7.192706528209421579e-01
4.079996948075700902e-01 7.884615423120038269e-01
4.714969561290013877e-01 3.463291813075241588e-01
5.432576918685106948e-01 3.626188360891221540e-01
6.444324169397898094e-01 2.435327405866853090e-01
6.875885679093317604e-01 3.787617703737758967e-01
4.672684954547673963e-01 3.115372479575643228e-01
6.338230772756642262e-01 5.304523768813420581e-01
5.935219891134941861e-01 5.866812960886995665e-01
6.826578264791023365e-01 4.791667609792544802e-01
1.957412464443686884e-01 7.501872880749708150e-01
6.990103630347750396e-01 3.224232018391590682e-01
4.148261729988074187e-01 6.297563031587231075e-01
4.236253141881386464e-01 6.886234203039957036e-01
3.897866726940607540e-01 2.521736203667505616e-01
7.984045360159710558e-01 4.375779915433689604e-01
4.415810594895762664e-01 5.449240150466568844e-01
4.140142092967681875e-01 5.794980370604978503e-01
5.646172834538072394e-01 4.814199542956926203e-01
3.312959315750862443e-01 5.193876763585221212e-01
7.406224919869086598e-01 3.502549615455936571e-01
4.483341881671845663e-01 3.433888496460907325e-01
6.487854684116061144e-01 5.059389626405412788e-01
4.547759883009367954e-01 6.387727126908890884e-01
3.166903735898171646e-01 6.945275727547649547e-01
4.488601858460907201e-01 5.096213107960457789e-01
6.481075722252154225e-01 4.699815149934675751e-01
5.583876485444472237e-01 6.404576311813792167e-01
4.813192574644670207e-01 2.481994994571399826e-01
5.605111364141504016e-01 3.470537942198314019e-01
5.463631313585277649e-01 4.976480618939540523e-01
6.363203403444822603e-01 4.713806193228313735e-01
4.392202651924775880e-01 3.714562769994698144e-01
5.821970579435256088e-01 6.351895526367351552e-01
4.442180666255280408e-01 4.753590153933309193e-01
5.108704277548263839e-01 2.663125409381112974e-01
6.112621540663426556e-01 7.197272974858683892e-01
3.626515952071210358e-01 7.545733431424974658e-01
6.056266714438356402e-01 4.435407820742180429e-01
4.519703173368179172e-01 5.217033243007956900e-01
2.748825387701225864e-01 6.262628849314642032e-01
7.025857763651506271e-01 3.621957935455408784e-01
5.532128589655118667e-01 3.326404164328063962e-01
5.567958944706481450e-01 4.372931705972110117e-01
4.372930291924851942e-01 6.106110977807135409e-01
4.967162567304689857e-01 6.015790352696499532e-01
3.330154973068666369e-01 5.618397677073022622e-01
3.038302385815514484e-01 4.696329254881645987e-01
2.883503864046526588e-01 7.932047000160943329e-01
5.219139695166615800e-01 7.525221939669978211e-01
6.019768947428225658e-01 2.818850127487997348e-01
4.341420147349123182e-01 3.683063534646895398e-01
4.865828183263191109e-01 7.125351640488513105e-01
4.619764293574883385e-01 6.438244900912648561e-01
6.039016681066448067e-01 2.769700317279417678e-01
5.124291416036703684e-01 3.082072084794995059e-01
5.814440003053845674e-01 2.409628168758115030e-01
4.493168780788041605e-01 2.268559584395950512e-01
4.242539090436928118e-01 2.940511784098376324e-01
4.873372543052855166e-01 4.661553658320276572e-01
2.740786862179004357e-01 4.835199862918004299e-01
3.068563703582468105e-01 4.546377361808950912e-01
3.913725317800575976e-01 7.134453039474171199e-01
4.599972601546193918e-01 4.831596431056159879e-01
5.245936373857978952e-01 3.037606110579469942e-01
4.748440395434774808e-01 5.460723387048277422e-01
4.819755868031820878e-01 2.763993603634296026e-01
5.059346414730878649e-01 4.757119882201065741e-01
6.385645958458830984e-01 2.787094396868802226e-01
3.204634688186083213e-01 7.355581382335502072e-01
6.167466124541132189e-01 4.762735431807649800e-01
6.392596645818966472e-01 2.784040304853260261e-01
5.363027368196573441e-01 5.143031339559813730e-01
6.344405190346670276e-01 4.730291065311601484e-01
2.729326242198424346e-01 5.799639940335311605e-01
3.176910590128469991e-01 4.184655222910080852e-01
5.675682587595323181e-01 2.802265231465809192e-01
6.803576709186054394e-01 3.090454489584990028e-01
3.358502724320292510e-01 6.036697369569736793e-01
4.725788232716288118e-01 6.183622988144744648e-01
6.283513606643097438e-01 2.630814380166359157e-01
3.983569414992513824e-01 6.738155120933574382e-01
3.620071723821474685e-01 6.728635130647176998e-01
4.904602794271806232e-01 5.893073193434076318e-01
7.686594554964674142e-01 2.097624882945917091e-01
4.485327957133588561e-01 6.421813338269906080e-01
4.637336394761513159e-01 5.979496808094474369e-01
4.540232776375791590e-01 3.382538151961604900e-01
2.528740499298579580e-01 7.004867228062614526e-01
6.848163929437457442e-01 3.605516658973211275e-01
6.971957571443301305e-01 5.355797587113173552e-01
5.550632589561586006e-01 2.712429792074749768e-01
5.808277251825121335e-01 4.412412141056234471e-01
5.445736933080957964e-01 5.454995825592503511e-01
5.047318182435196476e-01 2.970731882967460047e-01
4.011991186798157805e-01 8.162009977329390820e-01
5.491199306093529353e-01 2.908855076695315289e-01
4.661389414256035257e-01 6.081996981100542543e-01
4.014576984725841680e-01 6.812059710937052870e-01
7.365274895535790511e-01 2.462467560323765015e-01
6.597228888447940198e-01 3.544310027354636294e-01
1.986262353245156764e-01 6.649432292075204698e-01
5.298843768794787579e-01 4.617553775274305661e-01
3.971605063713422590e-01 4.603250352777112919e-01
5.178642984218686518e-01 4.697893745842794400e-01
6.692138463053916020e-01 4.085518612607892397e-01
4.471541846067853543e-01 7.299857378075872427e-01
4.405455261988844295e-01 1.615530586141661618e-01
6.705341025384033982e-01 2.826725151528324265e-01
2.636179637046178192e-01 6.459776399434450367e-01
3.062494509407606147e-01 6.301575959270087068e-01
6.458998824099144720e-01 3.743427049413995955e-01
3.397213960546704992e-01 4.773544159954118404e-01
3.350122934875281455e-01 7.868260916551054196e-01
2.374122379476532319e-01 6.763416200482166296e-01
8.084055449711652352e-01 1.752369173004469927e-01
5.132362463162225552e-01 3.449574274002394914e-01
6.000047533634544905e-01 4.732718985912880982e-01
4.544634228630650141e-01 5.921120736606674262e-01
5.248396883527216561e-01 4.554568991349302598e-01
5.131648957223418073e-01 2.775942504262763899e-01
5.157527608482296300e-01 3.432192799842290198e-01
1.948885478008859917e-01 5.735535508899300972e-01
5.890416536943229309e-01 3.695995068455832921e-01
3.966406344942932094e-01 3.967677520700708671e-01
7.388242897837651313e-01 4.840369546060364625e-01
5.998147470158616823e-01 4.857050049538937930e-01
4.304902911589788550e-01 8.601441935390038429e-01
5.088710180155382456e-01 4.013106429606009273e-01
4.232723581400895108e-01 5.578230054844028896e-01
4.971739164991562654e-01 7.156848076388561131e-01
6.063302283454359287e-01 3.772853959245677791e-01
4.756346953960113866e-01 6.878342150555556422e-01
5.050299104414304185e-01 3.662634124863052287e-01
4.749576875109933205e-01 5.066729165001058188e-01
5.255050466918121943e-01 4.698197334251969504e-01
5.421030893760088176e-01 3.414935956008242623e-01
6.973311615657137308e-01 6.145317138108641331e-01
6.472836384166205104e-01 5.801091263712591095e-01
5.615446955989189526e-01 1.183353592320371961e-01
5.438387813100270529e-01 4.168502536787667689e-01
3.716088720156998093e-01 3.999579619508275008e-01
6.398972370986643066e-01 5.330662842292747117e-01
5.072736344508693707e-01 4.994820199682377670e-01
3.871650195037553699e-01 4.357202414815935509e-01
6.851836880664919915e-01 5.029459554180303327e-01
8.717122156512909781e-01 3.788703275716951424e-01
5.237641349261674684e-01 6.985268786708903610e-01
3.664395309698772474e-01 2.460651837714789847e-01
4.951878248456229592e-01 5.083728586297477925e-01
5.988983513550422133e-01 2.043859296089464705e-01
5.650711291730976527e-01 3.095538349034001047e-01
6.389660878347391826e-01 3.434002432795885129e-01
3.797613956325410767e-01 6.366008135735304885e-01
4.528197856552566569e-01 4.600087708514242202e-01
3.280086784256016630e-01 4.009232609315717122e-01
6.000898943167856103e-01 3.834508649611183539e-01
3.782562167038676093e-01 5.816183303021436046e-01
4.971261302242075408e-01 6.150934769739577757e-01
5.502697413422801276e-01 3.845967224378767924e-01
2.952576507541118112e-01 4.272573949987536479e-01
4.531390553955771949e-01 5.591337297070880785e-01
5.365248568581197919e-01 5.752386174641437311e-01
3.718996013414395674e-01 6.294741645212337255e-01
5.807785880770665043e-01 3.541656756129927253e-01
5.199990142813418759e-01 4.741626664879320385e-01
6.666391867581549224e-01 2.458407115263322174e-01
5.041073973017925480e-01 5.146133270813036953e-01
4.627347949379618797e-01 7.016987036842097236e-01
6.316608196957648191e-01 4.112896588071380255e-01
6.706168186751226834e-01 1.980416255976905626e-01
2.889592959340933631e-01 7.195973441016032535e-01
2.846320889203884930e-01 5.839968295423714206e-01
4.866019169070945338e-01 5.142906223373687746e-01
5.596637735568984473e-01 7.390015016623486810e-01
5.161600710254578006e-01 3.747906495303237051e-01
4.256403417926687416e-01 4.061465489756808656e-01
5.364619043326993575e-01 3.010526608064437726e-01
6.667497703422156086e-01 2.830796908364842102e-01
5.558801165901781083e-01 3.058333850975522017e-01
4.522285130824863497e-01 3.295315570765944280e-01
6.063893841947506358e-01 4.167962361517654757e-01
4.489560804990045950e-01 4.712213229633538392e-01
4.603463919037513730e-01 3.075088663939961053e-01
3.897197426808151621e-01 5.879382483099149237e-01
3.834065607806807496e-01 5.834941153280489567e-01
4.768787201384578345e-01 3.409502761762432388e-01
4.597515132457496434e-01 2.901071090700545474e-01
8.305427444484749788e-01 3.722065901315338432e-01
5.187000262193495193e-01 3.873418855606463040e-01
5.196122754609910910e-01 2.871134825415068703e-01
3.572831517172162519e-01 6.825892518440163093e-01
5.131188162203751402e-01 3.815216537601450741e-01
5.420313528259249614e-01 4.256671629807787238e-01
3.699584063054872085e-01 6.477977401985423045e-01
3.891823563675127495e-01 5.012163013162996839e-01
3.997094374831894892e-01 4.123310291968255159e-01
6.370237686277018252e-01 3.744185766150893158e-01
6.166203226083425415e-01 3.110386289855553432e-01
6.169724360811743580e-01 3.853682011959951859e-01
4.058425477841829387e-01 5.302465559016904528e-01
5.106962966958927819e-01 7.065790790202182148e-01
4.052693142012842031e-01 5.069501348600549129e-01
4.219538260117635109e-01 6.419844015584108554e-01
5.750574285257075147e-01 3.530190572106208791e-01
4.308893195748474403e-01 4.616389232755346295e-01
5.969181549452843294e-01 1.496985787675126356e-01
3.017589231211901257e-01 4.743766427748059566e-01
5.342421594126849360e-01 2.781047213531964157e-01
4.951922811642185396e-01 4.081218176164951306e-01
4.591783784164764626e-01 5.606105920212895999e-01
4.054336906680716668e-01 6.988974783803379998e-01
4.361383895600838834e-01 4.569336226370305232e-01
6.343167268724518859e-01 2.839171742007299271e-01
2.653665539616042457e-01 6.629752553367642687e-01
4.694709147692738282e-01 3.758691578833053271e-01
6.545173823878442931e-01 5.052966635971304354e-01
4.185091891347826332e-01 4.007832217407973352e-01
5.651407663987638719e-01 5.939261950620348118e-01
2.660257357415306001e-01 3.954738465808910752e-01
5.431191705853124496e-01 5.982029153413528366e-01
4.886619577869872888e-01 4.481825380587942664e-01
2.890902161812690663e-01 3.082199409941662749e-01
5.575378917978328630e-01 3.413991031960614819e-01
5.432930351900058241e-01 2.699931344128424504e-01
5.414172539018877739e-01 4.217154244586590051e-01
6.637170235620329928e-01 3.417177228658019317e-01
5.721835860398840623e-01 4.704404716532216146e-01
4.989252915501158903e-01 5.221711277184493127e-01
5.292334316685290974e-01 7.185456466092376981e-01
3.535224907324043264e-01 6.655982677052774132e-01
4.225767979848248368e-01 6.348204573868000411e-01
5.055215745473327082e-01 3.471155780228676324e-01
4.394633553063240772e-01 7.643069867754551661e-01
5.851694396392750352e-01 2.441525226586916397e-01
5.874711375136225655e-01 3.851249160284448414e-01
3.767791977157362582e-01 5.665998958772248129e-01
6.538615546481657548e-01 5.846708383851495494e-01
4.439480531931714880e-01 5.407937010591463700e-01
4.975099301395665696e-01 2.764644471168735129e-01
4.352812525956736289e-01 4.542863833637117432e-01
3.124192276904828036e-01 3.173679262394890066e-01
2.042437762034992610e-01 6.098384086699992768e-01
6.401749831003537006e-01 4.259945692657517435e-01
7.042222178041275260e-01 4.100071437153420262e-01
3.736605661587117932e-01 4.228405411223776778e-01
5.076972917030677657e-01 5.681692646988659723e-01
4.456228448043069723e-01 1.830269141591735760e-01
4.833127883505098366e-01 4.386281199413810117e-01
2.679005873086087730e-01 7.228565254434022869e-01
5.789698743769861045e-01 5.031087458599448059e-01
6.122094495441874340e-01 3.552663523499625109e-01
4.833462382719002637e-01 5.622828508530834934e-01
3.382315808827580650e-01 6.544434743866603954e-01
4.962712230249405887e-01 6.185476828213081202e-01
4.868043772334749719e-01 6.836866771797296405e-01
3.163038993738690463e-01 6.834753843300338527e-01
6.185331590445877215e-01 3.304372650126748967e-01
4.801116418549763454e-01 4.738305332715131990e-01
4.941541593705230939e-01 4.224228791068587729e-01
3.478864929131819106e-01 7.046141238413138330e-01
4.068648839818706509e-01 3.947220887665069955e-01
5.662363968048828022e-01 4.502052500946372993e-01
5.179839350909739570e-01 2.683433401742231217e-01
6.667566619700011632e-01 3.982396260452024661e-01
5.917208378178462347e-01 4.328079110395653406e-01
3.665003626937941572e-01 6.459431673076392322e-01
4.268642511210866686e-01 5.111200483528479666e-01
6.103112347304224805e-01 3.985867415265190172e-01
3.329820800234691847e-01 5.524282961355485577e-01
5.116386160804428096e-01 3.749377729988170316e-01
3.620250370802889917e-01 5.182679764658451038e-01
4.334324344649100325e-01 3.940212422526013225e-01
6.662094715351813967e-01 5.012689761061011051e-01
5.824781398991665249e-01 1.880139722038399186e-01
5.877317643041125583e-01 3.714492383630498828e-01
3.973878666562781214e-01 5.885893899586116529e-01
5.291443021983051054e-01 6.161554802829751765e-01
6.215460296576971189e-01 4.728423569554087713e-01
5.265000426583072990e-01 4.832813789955587858e-01
7.092727370533831177e-01 1.908008348783205854e-01
4.761828346022943803e-01 2.277919685320062004e-01
5.323509564753239331e-01 3.645165812870095334e-01
6.761650908712193431e-01 4.287651814371482573e-01
4.488526557149079554e-01 3.880113009619206577e-01
5.787611819053616324e-01 3.479479379186485311e-01
5.852663565431218684e-01 7.493924925451851404e-01
2.790636430767867715e-01 5.249388695560464058e-01
5.899718242698309689e-01 3.429248041942311032e-01
6.830749154076557472e-01 4.716519971726748639e-01
7.552117147186627744e-01 3.797928918132708054e-01
4.373413797501373157e-01 4.780775780326446123e-01
3.303811127884119236e-01 5.518986052119877472e-01
5.375276487585172180e-01 4.838938379828154335e-01
5.264225490732254986e-01 3.624924344287941969e-01
5.267027737771080576e-01 4.412601779613815056e-01
4.653518862736018002e-01 4.109563841968404407e-01
5.835940611107638398e-01 3.095922928363691318e-01
4.364008043518207147e-01 7.440718699343731313e-01
4.304370589284907123e-01 5.855684460454881890e-01
3.483729665617202320e-01 5.992491581497623176e-01
4.911064931785185106e-01 4.794543693501281956e-01
5.675064315864657427e-01 6.091204191606325313e-01
4.718168395845533380e-01 6.469375245101786076e-01
6.855437891644160509e-01 4.924499568555010809e-01
5.599874282356114286e-01 3.875560058585344470e-01
4.524401269697719274e-01 3.411745801870691430e-01
5.355306098121359604e-01 5.092725401757571824e-01
4.433849250601700209e-01 1.794007563001882577e-01
3.299132089926284928e-01 4.853890867518483310e-01
5.547731234716287707e-01 5.716000276392420032e-01
3.618378500255988728e-01 4.365426025156448619e-01
5.498868306439794740e-01 4.389681132130611174e-01
3.165308782015398004e-01 5.671789890642442433e-01
5.128243972264140416e-01 8.291104695008023606e-01
6.062402006753192518e-01 5.658887822519615973e-01
4.492246207615721021e-01 3.394397708423644300e-01
5.691418489993388397e-01 4.088629836942901385e-01
3.877806489595497230e-01 6.512990003368465119e-01
5.625291244791915668e-01 5.756947343551577223e-01
7.244578536983214967e-01 4.659807079389804985e-01
5.334457737062184846e-01 3.701692469955859544e-01
2.359936336721319694e-01 7.159738704395898212e-01
5.504574945172319156e-01 3.310395245233070938e-01
6.027838208472047210e-01 2.824834394887227873e-01
2.791729713729088624e-01 8.344214220815530103e-01
4.452067034596245421e-01 7.995892857590700675e-01
4.694819245215595682e-01 5.174639481645905148e-01
5.536875244557281084e-01 4.102993640839788791e-01
2.988704888670506432e-01 3.995093044432429519e-01
6.208618342116222211e-01 4.335827449627431274e-01
5.301033674235361426e-01 5.323194569982605540e-01
5.608491186602113654e-01 8.467146848991446983e-02
5.792611886283820510e-01 6.761795193671282789e-01
7.211895157022059077e-01 3.964398432925173021e-01
5.283776551223733353e-01 6.430780661247138541e-01
5.566903561045333237e-01 2.411856153803353386e-01
2.413949998097557614e-01 6.669326449843273608e-01
5.355454989123399345e-01 4.214951864578214136e-01
5.707590681628819107e-01 2.787655440880039692e-01
6.665370054262839128e-01 2.738547830789633264e-01
4.200184589440826288e-01 5.152737328442956732e-01
5.511718412111099585e-01 4.709480431446230186e-01
6.180670006981360265e-01 4.318336419789491343e-01
2.721438369217566988e-01 7.464072181448931920e-01
3.840986521942951759e-01 4.474752119619945234e-01
5.054863012725364646e-01 3.982134431896585114e-01
5.006126496521811076e-01 5.780945408868073399e-01
5.199943709189096541e-01 7.362610507439435459e-01
3.881095776110543571e-01 7.541423023716892216e-01
4.040426006775028611e-01 4.562950253276957802e-01
6.937951049252091273e-01 3.569443796361015386e-01
5.565138411842006638e-01 7.758304181022599444e-01
3.223698230578599944e-01 6.412819811443511986e-01
4.911954979202408089e-01 4.090890293629076968e-01
5.211915407317317950e-01 2.528461805252899541e-01
6.425153761628107363e-01 3.172772372236419836e-01
7.003571381504309912e-01 3.737084914723564077e-01
3.057538323319708984e-01 5.876030675134829018e-01
3.549466036121216583e-01 4.272757182698787570e-01
6.799359120357896247e-01 4.129936866052545952e-01
5.532317446382912784e-01 5.807416560629571345e-01
6.475500604093349377e-01 3.010006734325103572e-01
4.571774111447589051e-01 6.011501324348488273e-01
5.236198369922641094e-01 2.010144356653500997e-01
4.277808925785033800e-01 4.796273545538121685e-01
4.785078271234913805e-01 4.285383903162422459e-01
4.434514106272163247e-01 4.148845684775178677e-01
4.483707938644404534e-01 4.520530105293042999e-01
2.111021005678317963e-01 6.845675063958390760e-01
6.779434683724041566e-01 3.569121199813080070e-01
6.987735433346773384e-01 5.945637264215835049e-01
6.855640877743935935e-01 4.090192413593290444e-01
5.087221313638067288e-01 4.796253188522444089e-01
6.063995945481538419e-01 3.547653456168362029e-01
4.827937357969202536e-01 3.454862160089148815e-01
4.814896139793277685e-01 6.375687937731492339e-01
5.353640239622100561e-01 3.952663724586961691e-01
4.129522735822044877e-01 5.861872210957932428e-01
5.769749854588041016e-01 8.399547614760718428e-01
3.593486118059787127e-01 2.451125664995393028e-01
5.081108001697839383e-01 4.487116457238983225e-01
4.575396359805652402e-01 3.142126915016366651e-01
5.000866647312880442e-01 6.493828421434606479e-01
5.487941824380653255e-01 5.215842375296451117e-01
7.280336296677828445e-01 5.280111589716391940e-01
5.714441863973077629e-01 6.664843230661611218e-01
4.399471721179832873e-01 3.866807649139166192e-01
5.092502360345936285e-01 3.217230157161411475e-01
4.460874058142641485e-01 4.056725564598738787e-01
3.292333204274051628e-01 7.049687541538258717e-01
4.767609641138336185e-01 5.108987317428816954e-01
4.149317629348263647e-01 4.782816816354453771e-01
5.609536647648192265e-01 4.741021182424464686e-01
1.682540381640048599e-01 6.674108479323275223e-01
7.358617096357861209e-01 3.354908255430246178e-01
4.112006514552007941e-01 6.785188035386354732e-01
5.716366569044855073e-01 4.078267031334624759e-01
6.411932818452207306e-01 4.771596134257819477e-01
4.111546352963289519e-01 5.048874028399356062e-01
5.431834951209449924e-01 4.269109592287922417e-01
4.917958015024745388e-01 6.841540781008952354e-01
6.375849559944251066e-01 3.792327840752092727e-01
6.109211712289539520e-01 5.149228230431628361e-01
6.588896048362085089e-01 4.654299805101472232e-01
1.652757011158065836e-01 6.494527073963305419e-01
6.209394544250683712e-01 3.330554504434627971e-01
3.430989991701612341e-01 6.618896809066543430e-01
3.815909249980299345e-01 5.767609063609632214e-01
4.810417862457412874e-01 7.200068081552576382e-01
4.460469799454754858e-01 6.042064184156206164e-01
3.034040573302670407e-01 4.771155314452667495e-01
5.809598790129385515e-01 5.105096272646457711e-01
5.657299459781157669e-01 7.927896493583681536e-01
5.279701139927759357e-01 4.090205363188977317e-01
5.996625963316569718e-01 5.680932317213098770e-01
4.636287062932314962e-01 3.335919719464116029e-01
3.691441573137969612e-01 5.678017229056593340e-01
5.544552633115034102e-01 4.998554408345209366e-01
5.980492778504793439e-01 3.473366272157091261e-01
6.537852634798215767e-01 5.333605719137687329e-01
4.473805327679616362e-01 8.091240351604405134e-01
5.188445146300639799e-01 4.659918420803239036e-01
5.678970910962237717e-01 6.562816362953139970e-01
4.022059682143803716e-01 4.519635287628570586e-01
2.572727963138943252e-01 9.435398677921130739e-01
4.248688979453430492e-01 4.094042870527195288e-01
4.761900234603382298e-01 4.331548803402588965e-01
4.609412723254426858e-01 5.694783816234502138e-01
5.013326451595945255e-01 4.484284008226370188e-01
3.491378768322320747e-01 4.414280240864382754e-01
6.376781640983245625e-01 3.540089415140102447e-01
3.876130635744097219e-01 5.523473373950607002e-01
5.111371185361329728e-01 7.793940899313930304e-01
5.286686597627866524e-01 2.605840505958806896e-01
4.682940405815826379e-01 5.275652935314233405e-01
4.439592307389507164e-01 6.919402209352837341e-01
3.556707012090160047e-01 3.877428434838688931e-01
4.593534033661730853e-01 3.107893882849416256e-01
5.281162912271823995e-01 5.465264604008264193e-01
3.542220717095697080e-01 6.579119444272499839e-01
4.789995088971875092e-01 3.640235996662214979e-01
4.749399530665159297e-01 3.557622249359331246e-01
2.371667766697480861e-01 6.509801184443927413e-01
4.582798313678559943e-01 7.932099668611525267e-01
2.797250721756160408e-01 5.445185408362276380e-01
3.496477757498736572e-01 3.789593567951247688e-01
6.390495661803800020e-01 5.126140824196524504e-01
4.287851705731042795e-01 6.505826285632557715e-01
3.866286298385298026e-01 6.970231120153221882e-01
6.478010059177085056e-01 3.798920224616460506e-01
3.830404712267176937e-01 5.916672724349958390e-01
5.059287930778741949e-01 7.501424984647093730e-01
6.057070006640278281e-01 6.763675526327491694e-01
3.573095072165390351e-01 6.626327724197192959e-01
7.091777718801265395e-01 5.341817164468827261e-01
6.220310335181896688e-01 3.964803615371144119e-01
5.480692245691974884e-01 3.697409497313755011e-01
7.034993246776566345e-01 3.830575343039235858e-01
4.555895975566605638e-01 3.545793614646902125e-01
2.962658089714263476e-01 7.162742238553709839e-01
5.758624499326219226e-01 6.171452559837906637e-01
4.802513502846937898e-01 5.714232581911908859e-01
5.082823577994222131e-01 8.161940610641500449e-01
5.104211503119819859e-01 3.600523244061936690e-01
3.454559267645234133e-01 4.601174882078969963e-01
5.377899365682499155e-01 3.402840724891369462e-01
3.952741526815011786e-01 2.564960378333697166e-01
5.204818220110020155e-01 3.643284735861605506e-01
5.337112332901304823e-01 5.063202308167631394e-01
3.809394592563106197e-01 2.415284077840208488e-01
4.928147401995291443e-01 4.513458524746283840e-01
4.661812910498498441e-01 4.153371153414982531e-01
4.095742127183973347e-01 1.884496514955734670e-01
3.760842385862811499e-01 5.239486722915543959e-01
5.982845350129757378e-01 3.706156846409626726e-01
5.369847340961797499e-01 5.761024951868158883e-01
5.990231437634986333e-01 6.023065052538016939e-01
5.530253712761971085e-01 4.142154819880924932e-01
5.751001277496270436e-01 4.696511263900903232e-01
6.067846798981487710e-01 3.503171835870473871e-01
4.961245301868933977e-01 3.481242841769774943e-01
2.805787829776752451e-01 5.350814394960092812e-01
5.194941646869816188e-01 4.932281947778736075e-01
3.437156385827279115e-01 7.296850925047519976e-01
3.389057170241255856e-01 5.357372620326381618e-01
5.662300275983003228e-01 7.465057066037688038e-01
5.981047349581410932e-01 2.297601486293934236e-01
5.477292706259110355e-01 6.363223398999330316e-01
5.078951156788105159e-01 5.911273965656170803e-01
5.288235779428969163e-01 3.944194909275569594e-01
3.896364473435013354e-01 6.693209650817071310e-01
5.306128199182361671e-01 2.786636664796985907e-01
6.523983050322762489e-01 1.545658928749120697e-01
3.129767468404078823e-01 6.154479281633359333e-01
5.363414212461022901e-01 4.748571850567012698e-01
4.332993494814002533e-01 5.166892029186332946e-01
3.318180873268198328e-01 6.273665599915028146e-01
5.656496042648020417e-01 2.958956447362118825e-01
4.445767516629419158e-01 3.001009475620686207e-01
5.836477507533935905e-01 3.838082140250384522e-01
6.045462180070287905e-01 2.894417739283802193e-01
6.225220158340006860e-01 5.548072504135397320e-01
2.795503343611503988e-01 5.678439691274121959e-01
4.349408529342026486e-01 7.331654935859923672e-01
4.329798338212842435e-01 4.083719699686741977e-01
6.706215909392153618e-01 4.823469874077278563e-01
3.969481189594958326e-01 5.153321925051265184e-01
5.690168654031574347e-01 3.096527286159143633e-01
4.165205473684490678e-01 4.670365009053210614e-01
3.779777919034561506e-01 5.231003450519901010e-01
5.513917810287125576e-01 4.333806952191525119e-01
5.499739179480391815e-01 3.900545490796207271e-01
4.989619938128899701e-01 5.502049597518888779e-01
5.673656838504541611e-01 3.958636697992675701e-01
4.071879020712517172e-01 5.452750252260373243e-01
4.838738392780743691e-01 6.865412265533147318e-01
3.870262384591639515e-01 6.769282284618265422e-01
4.799489629411110569e-01 3.442863317725970429e-01
4.794372362450844416e-01 5.559108836689830024e-01
5.406138095125232468e-01 5.463730811158680201e-01
4.439157767374817820e-01 5.363538301714435574e-01
4.761638653028252843e-01 7.416854492975464286e-01
4.737434931857041898e-01 5.943271673502782404e-01
3.545495721659866484e-01 5.103636509986479997e-01
5.191781913766241319e-01 4.587715724051157351e-01
4.895976680639825274e-01 3.857356190428524179e-01
5.486642075958595433e-01 3.351166926459736572e-01
5.548809666420375653e-01 3.869508296345116616e-01
4.258971683528191554e-01 2.366634916637256059e-01
5.177581904382192457e-01 2.621433083167629130e-01
4.473856531569054829e-01 4.688782049009622699e-01
4.128686003857828801e-01 6.088305615139144589e-01
5.728945323495753250e-01 3.847036458357049882e-01
6.426649752132527205e-01 5.007802021023720629e-01
3.909254342869162846e-01 3.649464949899138277e-01
4.759190346370922864e-01 4.144842510335636221e-01
3.840786417297418764e-01 5.314468496385289509e-01
5.239545912942514816e-01 4.066214873410638475e-01
4.555469707503680410e-01 3.565696815699058719e-01
4.745010501394356650e-01 3.018631177464555781e-01
6.367604085069387132e-01 4.431714714298350954e-01
5.947611601587947661e-01 5.316523731615310222e-01
6.420481888034497153e-01 2.748419078549876327e-01
5.024707787972468864e-01 4.615475658023093786e-01
5.550589188959607068e-01 7.326862709309513999e-01
3.866291993024913998e-01 4.905370289517717586e-01
5.460491726559399961e-01 6.949823707056634881e-01
3.627095949561763844e-01 7.661955548830243767e-01
3.105256948237667958e-01 6.509863255358860901e-01
4.457285670046743919e-01 3.459546766426696562e-01
7.767664296048868433e-01 4.948302544866977626e-01
4.542101477825434275e-01 6.187360288769105932e-01
3.913759634760901607e-01 5.092927826276039127e-01
4.417243074576726602e-01 6.339477977589633717e-01
4.835469938971961867e-01 3.411456233649197145e-01
5.672552212634587310e-01 4.529502418875870906e-01
4.618574060865423547e-01 7.024895526033422266e-01
5.276860501939497627e-01 4.337837610781747899e-01
3.552342778217988939e-01 6.250443940215835159e-01
3.697297070323719570e-01 3.208679805416441710e-01
6.072525877832517516e-01 2.251891242191089160e-01
4.985990360218593986e-01 5.194548795760882687e-01
5.615190753698170445e-01 4.366313191285876583e-01
7.059074008559647062e-01 5.533666775229186818e-01
6.762346909980185838e-01 3.944652561551864056e-01
5.799352649461599896e-01 2.712939346912327521e-01
4.933227024670467920e-01 3.043333624515777158e-01
3.453964302575379675e-01 4.060719036797266757e-01
4.468862410948008512e-01 7.908247516450179759e-01
6.808602547676995131e-01 2.023528765895230841e-01
4.079354042859800189e-01 7.360818908543660388e-01
5.396987121403749033e-01 6.574158973007525608e-01
4.102778095666792524e-01 5.930342402232484655e-01
4.267072278626699022e-01 4.380882323971246328e-01
6.023853256158460123e-01 4.059462308116457141e-01
4.577848502355942317e-01 3.603614798608559266e-01
6.051838734888322913e-01 3.529718499643667018e-01
3.629574230451588224e-01 6.929674203417598433e-01
5.092375697400379764e-01 6.566613734407596992e-01
5.970249862209572322e-01 4.405086794182166421e-01
6.370725783954490629e-01 3.024704061917852238e-01
6.609299657643989967e-01 2.259956962983858397e-01
6.958167744723108283e-01 4.193866531762388550e-01
6.790073352530558992e-01 4.888242678614758141e-01
4.739696225907165106e-01 3.312177548583084552e-01
3.011557700468735499e-01 4.205852458795096283e-01
6.012836235017245956e-01 3.991912935667571438e-01
6.836071897281221776e-01 5.637043061656329401e-01
5.913332719597448328e-01 3.608793693586404561e-01
3.425810647487597116e-01 6.327160644836002934e-01
4.371166190332786416e-01 5.724009528689870674e-01
5.015693688342270917e-01 6.365823660842241383e-01
6.891323164826057557e-01 3.835127499554154551e-01
5.589634493399636694e-01 2.728072677685485226e-01
4.382897073335664806e-01 4.211248941826675751e-01
4.999690339255517535e-01 6.055486403493561820e-01
4.494351138233504406e-01 2.987197554635629970e-01
3.044521333574323196e-01 6.602017128588751893e-01
4.873871473313776126e-01 4.714283530272425082e-01
6.231151533265033571e-01 2.980210747872022448e-01
4.619040639194827436e-01 3.469049190341374489e-01
4.519027911315888768e-01 8.090953688023908574e-01
3.281795359510434884e-01 3.273579165678750513e-01
7.109473983234559924e-01 3.514397984122016316e-01
4.985183249032979491e-01 4.683329030335474652e-01
5.911136082389412127e-01 5.001918802114619922e-01
6.690073129496664217e-01 3.894190524066533099e-01
4.109131961929810561e-01 6.911619104315008810e-01
4.941172896167357886e-01 3.639519718030920226e-01
3.749495478407769977e-01 4.814662004405884099e-01
4.856333261773946863e-01 3.319985050440583119e-01
5.875810150722962089e-01 4.063216337605015660e-01
2.717850644746928612e-01 6.007532544769145222e-01
7.515992438131124942e-01 4.357478663672623154e-01
4.117629640388681955e-01 2.974857253922413847e-01
7.019630945862650462e-01 5.403141405123712548e-01
5.273388612647540441e-01 3.511096527413447022e-01
5.360707874372361292e-01 5.178825020779213029e-01
4.406688687052149334e-01 4.123963766893729010e-01
4.938399165870729912e-01 3.728545549924683900e-01
7.134762597527428696e-01 3.755407674993428424e-01
4.992453915722275259e-01 2.872352859702771433e-01
6.213358468020785397e-01 5.874622706949247375e-01
6.103774796248043755e-01 5.031156171606857574e-01
6.460617789515537002e-01 3.979248747262471575e-01
3.594846643197465719e-01 2.792658382462985811e-01
4.946222590284856113e-01 3.496867664010699372e-01
5.394566082588518885e-01 4.228999301609237538e-01
3.168426974472915991e-01 4.620089266179751575e-01
6.443911041737730994e-01 3.831670398721743198e-01
5.954448651861754538e-01 2.019883876909714382e-01
3.064955217603151927e-01 7.000807811343348064e-01
5.317038051563126588e-01 4.426340645440718924e-01
4.849167799263002787e-01 5.612226522785217497e-01
2.546514897479795758e-01 6.089704604617464101e-01
5.733917569725683894e-01 4.676691711330477341e-01
2.958353581191107140e-01 6.441324981324945131e-01
6.435632919300098287e-01 3.574362232329059696e-01
4.974344565241459737e-01 5.498463102014014003e-01
3.483356888912254590e-01 5.590455604425232927e-01
3.829200833703306772e-01 6.610098481361215139e-01
5.055175379126308766e-01 7.942396608958151027e-01
7.018827045305843226e-01 5.163194860365789562e-01
7.423004763214672286e-01 3.917759772933230300e-01
5.055945229680386399e-01 5.476830077148242548e-01
4.059154876920044175e-01 5.227969258206563996e-01
3.507381515376902792e-01 4.294912568672687447e-01
3.462742735513594794e-01 6.887442001400081448e-01
4.581496108799767430e-01 6.570864141209327158e-01
7.699807646142374784e-01 2.893441442964724830e-01
4.189364091612390872e-01 4.146351444748104798e-01
4.965520724187974522e-01 3.257081198675222389e-01
6.136259692628942553e-01 5.172390308631977796e-01
5.921521960416145092e-01 4.648534988167248860e-01
5.292547534738730741e-01 2.827409867883495798e-01
5.420371359161990643e-01 5.590312008699489521e-01
5.224095459554419785e-01 4.328458904328956747e-01
5.104893106060696129e-01 3.240149049301414008e-01
4.044527140009731014e-01 4.933568445808400593e-01
4.895580631027295349e-01 5.233214126628820129e-01
2.513433915852240075e-01 6.317122910982119199e-01
7.402481454620437606e-01 1.439489535284159127e-01
4.376273599418045723e-01 3.392988949200517190e-01
6.089354697122709714e-01 3.691975990056438617e-01
3.592516960992226949e-01 5.202924798758022940e-01
5.418513036547099038e-01 6.376455034759827001e-01
6.436798422064926584e-01 6.061557549026080904e-01
5.688639167446912781e-01 6.158902420960519208e-01
5.682698900639812090e-01 5.525035069806373267e-01
4.454408959898411013e-01 6.172456611172576491e-01
5.914433926007724995e-01 3.432673526750245063e-01
5.171239780657477247e-01 3.515329329117420909e-01
5.611584878952352584e-01 3.980207568215493041e-01
3.537529395309640390e-01 7.425658712079467039e-01
6.442879372841378016e-01 2.605922909703689005e-01
4.460877402614739085e-01 2.433160289121442665e-01
5.170486073120442727e-01 5.276253163546688052e-01
4.550847484887165506e-01 5.057566257979545510e-01
5.117896807497838152e-01 3.112025520057304928e-01
6.385428827264278961e-01 5.694416662124412998e-01
6.026053505279315159e-01 6.264237460478521147e-01
3.977034112330027349e-01 4.944423132389855757e-01
3.948554142074736650e-01 7.101321852725744899e-01
4.152130031636387386e-01 2.936283170810935483e-01
3.877083911604891076e-01 5.951804836067876581e-01
4.328218083758355594e-01 7.656331483741561916e-01
3.296377192760254760e-01 5.853665964333623073e-01
5.559361895893731864e-01 5.721001264867180414e-01
5.914953297044336367e-01 2.380533422567469581e-01
5.462063126833136550e-01 6.700899171377554531e-01
4.432698567201910911e-01 3.203434165386122023e-01
5.387941266257156858e-01 2.967343873826075451e-01
7.191583373860447326e-01 3.604175856609025397e-01
3.585864953195695981e-01 7.259865851310106644e-01
5.079819403122174393e-01 9.021074434369791284e-01
5.394709471251769584e-01 4.849183324804604012e-01
3.854761326610255390e-01 3.881227415319997709e-01
4.729315702108476960e-01 4.434947990364244141e-01
4.972387925648610874e-01 2.375501065658099931e-01
6.359367258165238290e-01 4.110000793971944621e-01
6.367209971184765172e-01 5.081399510833157773e-01
5.794765667953553079e-01 4.796466318077593494e-01
6.952066852672491581e-01 3.597604042454634610e-01
5.877945849351551288e-01 6.642116367191784887e-01
5.393221304628604829e-01 3.628382164988677716e-01
3.637880916546816223e-01 5.692369560422476660e-01
4.770756169917867440e-01 4.588823605082532620e-01
4.823439525497899005e-01 6.399005720153033705e-01
4.828384215982162719e-01 6.188532385384369894e-01
7.546381688867864757e-01 2.079048025315511083e-01
5.697572649344914142e-01 3.779056360639430068e-01
4.403952558328650957e-01 3.003360151753300400e-01
4.905731589121707370e-01 5.683330612262958992e-01
3.310377292982112363e-01 3.991562788427330255e-01
4.322214502046340390e-01 2.426172577514826012e-01
7.140440909802995284e-01 3.796183026120805160e-01
3.855818407563920691e-01 5.897681446265200522e-01
7.223780042375367305e-01 3.881360662362340341e-01
5.289328604391705380e-01 3.403374455388875064e-01
4.257331012309768514e-01 3.099337626542905122e-01
5.489843570762080738e-01 3.687829651803287700e-01
6.403380746534949042e-01 6.353095013394179924e-01
5.692455202235880973e-01 2.802648854981519833e-01
4.382862133358783052e-01 1.359422023342167218e-01
2.607730120722909772e-01 5.925999228668615837e-01
5.905559965486145702e-01 3.903279266988951002e-01
2.024860857223674815e-01 5.860252919700499330e-01
5.036521852902433594e-01 3.675067011897447666e-01
5.325180149665572626e-01 3.914163085276456955e-01
4.074135718355866298e-01 3.072670672588298513e-01
5.448825188707258071e-01 7.488616954076073862e-01
4.281329188005293940e-01 6.163041457748699159e-01
3.341703885073521452e-01 5.440759242066764978e-01
2.907604847079120480e-01 5.584208650162243437e-01
6.601445489290937996e-01 3.164281858931987657e-01
5.972197430565107101e-01 4.298379552963557115e-01
5.169700086610306000e-01 4.499462822762667624e-01
3.293422695089862628e-01 6.229220264384743855e-01
6.295300027264686404e-01 4.278423005631358800e-01
4.010617734604869367e-01 3.399662443124638611e-01
6.286902679727464083e-01 8.029524953081313976e-01
4.630169443108103078e-01 3.601223611551837012e-01
2.816256498985668655e-01 7.701793365949386461e-01
4.876766683509764500e-01 7.166733172912305161e-01
3.860353146299587701e-01 3.213368992526261514e-01
4.750016420034146591e-01 4.577004526531526785e-01
5.154336889517492359e-01 3.429692668550200496e-01
5.545280039727352728e-01 4.214849583416483969e-01
2.311282159303855721e-01 3.655689260413842456e-01
4.878795526715201114e-01 6.461966540459317399e-01
3.052871233290372355e-01 5.900113613766314602e-01
4.926926992190732713e-01 2.072292194675802446e-01
3.608257087738553359e-01 6.567917033720349629e-01
4.665538107236735232e-01 4.731413884251165491e-01
4.349190031891544961e-01 5.052762034869775487e-01
5.666141745336442659e-01 3.586746456185126997e-01
6.616885714318299083e-01 4.636210174542093609e-01
1.590911212364064520e-01 7.246344794066721384e-01
5.765888834353007919e-01 3.267392736056102809e-01
5.145036336326838100e-01 4.472981172788033088e-01
4.693877789276418300e-01 4.045276068716282536e-01
5.812396608649825769e-01 3.963676484690478174e-01
6.390515605998505766e-01 3.001286391258946584e-01
5.025001584424033663e-01 4.939620053362974716e-01
1.969784278356828955e-01 5.514988768225363991e-01
5.953288282455698743e-01 3.689672369501415528e-01
5.031684507679834439e-01 5.052350622692778348e-01
5.413132996271208253e-01 4.070248127388981785e-01
4.519046777798484404e-01 4.063479348611393482e-01
5.460410376811489774e-01 4.304532711909270226e-01
7.318138546925579968e-01 3.009569787554643439e-01
3.796448888991093562e-01 5.066036320332613085e-01
3.900210177704308556e-01 4.752739218793861631e-01
4.828695049140260265e-01 6.212876220645483505e-01
4.649563895901223098e-01 5.009473388817968775e-01
3.617187315101467182e-01 7.746573607622467827e-01
5.780602285303063637e-01 2.912203600910782675e-01
3.215056878615715763e-01 6.029951931653343422e-01
5.040223815956482722e-01 5.792330210585133754e-01
5.918839191569059688e-01 4.438408871958178792e-01
5.946209929241372816e-01 4.994923169463640344e-01
5.546137803405245537e-01 3.761103996127982407e-01
4.938949925590050416e-01 4.907202626022325598e-01
5.850592737188139436e-01 5.140455286181019323e-01
5.858806828494701469e-01 5.347489954478242824e-01
3.017877206973044180e-01 7.178435384979708900e-01
5.177557408109191295e-01 4.355530597438986851e-01
6.064496022522086749e-01 2.508912763591512052e-01
4.772375690891945688e-01 4.641466659980441611e-01
5.644242304071197536e-01 4.184782831699007666e-01
7.043774649945546695e-01 3.458250724337934012e-01
3.397137250839627476e-01 8.098481875722096657e-01
6.836984256817482120e-01 4.868997004688244701e-01
6.423681485172237915e-01 4.701751676112236877e-01
4.934268770211557853e-01 6.646015529719507819e-01
2.890693546666991964e-01 5.378401616110941585e-01
7.202793334896079314e-01 4.296098767355099879e-01
4.891309292744993042e-01 4.178460038007077992e-01
4.600813553026468217e-01 6.186976827334247364e-01
4.894500069992596680e-01 5.180116788824241647e-01
5.927212579603337028e-01 3.745316625595408455e-01
4.487273746587907564e-01 4.124187532108488097e-01
2.753675003187593395e-01 6.719360395228408667e-01
2.942615730828289089e-01 5.863230749831858102e-01
4.786705763615139997e-01 2.871426713890834481e-01
5.777892109403456322e-01 3.813774513119901899e-01
5.672838484706708151e-01 7.140172842578068613e-01
6.058062175420056983e-01 3.655400094775853592e-01
4.853027991923667961e-01 7.186552519080142698e-01
5.954139951934961372e-01 4.551791399782882941e-01
6.623757041981855886e-01 4.398578481857248201e-01
4.682338969069207990e-01 2.296346130764980176e-01
5.580278916920070609e-01 2.736532502139417122e-01
5.520541236811645769e-01 5.057236460402704248e-01
5.143099168477036631e-01 5.111929590977196680e-01
4.457304056624585287e-01 6.406819618785718484e-01
3.148685115013376556e-01 7.203938341930548050e-01
5.360321900494913194e-01 5.813726830753171981e-01
6.101308247066306034e-01 5.380989199086400054e-01
4.842042317724837286e-01 3.440575119602370946e-01
6.458003679869623870e-01 3.743630296211423736e-01
6.857533602617058577e-01 2.579238447006519386e-01
7.412161018591434392e-01 4.754450117647747720e-01
5.594340922438907349e-01 5.255223665231607555e-01
5.363139768083066139e-01 3.663575788962329383e-01
4.002549036373057589e-01 3.633908560718091540e-01
4.809014111656424451e-01 3.098163408102594940e-01
4.567737240294812984e-01 5.389864087942823900e-01
5.552804466774702297e-01 3.659115266204112649e-01
4.951749282284501619e-01 5.248275539100976106e-01
6.658291275384978780e-01 4.316980956763679100e-01
5.488730214621224679e-01 4.661790528061502403e-01
7.365182038328201841e-01 3.799679634785445015e-01
4.715545979489740303e-01 6.215244041867681313e-01
2.561202675200381362e-01 5.929579553283892412e-01
3.378316409590201852e-01 8.255709677343465724e-01
2.747195253120756631e-01 7.376420185797639695e-01
5.502120058671382541e-01 3.517485957306321076e-01
5.739376454871911726e-01 6.296705230848695933e-01
3.884992464240754062e-01 3.173720469185516979e-01
4.444344879120902259e-01 5.653211755698159813e-01
4.767100094771685725e-01 4.254477276856696299e-01
5.243939509947199706e-01 4.916861010216365124e-01
6.105343836719017148e-01 4.895197169188671982e-01
5.633250432390888296e-01 1.748188502909692743e-01
2.466012009799634086e-01 1.675769095502018802e-01
2.613528425305899350e-01 7.583782168966555215e-01
5.026876605796286590e-01 4.521873109390853740e-01
4.434910224647622967e-01 2.094474753142025469e-01
6.026677372198600002e-01 5.688776026984047052e-01
5.333714216731406665e-01 6.777935131573460392e-01
6.252501951930522495e-01 5.956794294671753365e-01
4.498712535946350899e-01 5.061528842614487766e-01
6.861478077575023926e-01 3.481428642580571275e-01
6.058721231151504849e-01 6.176040954865973376e-01
5.445263226587545580e-01 4.390697972903451762e-01
4.320978292523606212e-01 6.898544517431499656e-01
4.743197617308640424e-01 5.394303257837076426e-01
4.194598109358677052e-01 3.059016734438096963e-01
7.430097848373848901e-01 4.120275488675014808e-01
4.630157267007564692e-01 5.157575682605617384e-01
4.953168374934897034e-01 5.383899595834898966e-01
5.416806099263714591e-01 6.863657979635677808e-01
5.234443821961680676e-01 4.552040679055320838e-01
3.142966831657306170e-01 7.554705366077265616e-01
