8.335007960921920755e-01 7.750919979796522252e-01
8.041149464376806666e-01 7.613464174904394088e-01
8.126323599882518955e-01 7.662168987661447384e-01
8.381382263375122266e-01 7.590915650479832522e-01
8.388802151767633664e-01 7.832455444115736798e-01
8.082731755576509913e-01 7.649902590374485500e-01
8.414771761141426332e-01 7.166281838516487257e-01
8.098653599418775828e-01 7.995345984558770436e-01
8.501182544712556632e-01 7.874846670033912588e-01
8.310429580621724321e-01 7.829388844793996327e-01
8.311666228687143443e-01 7.898477523630853536e-01
8.174707455442024040e-01 7.461757702575942952e-01
8.416626733239553904e-01 7.728912619958150376e-01
8.248133434326259117e-01 7.305361137167183383e-01
8.444142152695119918e-01 7.839851360126993685e-01
8.308883770539950975e-01 7.635110758351973947e-01
8.148583265060054259e-01 7.528501334872645945e-01
8.277040082855420255e-01 7.761202106934121936e-01
8.545392713051274125e-01 7.428385886427592011e-01
8.118903711490006447e-01 7.592178367847608467e-01
8.320322765145073962e-01 7.640883180604661762e-01
8.494380980352753685e-01 7.853741251172523530e-01
8.519423103677482567e-01 7.262789523053611029e-01
8.249370082391677128e-01 7.496933400678259529e-01
8.103909353696804319e-01 7.617071938812324250e-01
8.305482988360050056e-01 7.796197416841041949e-01
8.449088744956794184e-01 7.449130528898189052e-01
8.229274551328623621e-01 8.027635471534743106e-01
8.435331035229012286e-01 7.850313875459989932e-01
8.531635003323492228e-01 7.390323977198932637e-01
8.140390471626656188e-01 7.645212497294177068e-01
8.407506453757090936e-01 7.558806551699256415e-01
8.491289360189206992e-01 7.722418644923876307e-01
8.502419192777975754e-01 7.796197416841041949e-01
8.715586403054520481e-01 7.911465473699400563e-01
8.387256341685860317e-01 7.991557832455443711e-01
8.314139524817980575e-01 7.763727541669672716e-01
8.323259804300443543e-01 7.985965798398152460e-01
8.280595446043499397e-01 7.009163720326141434e-01
8.239167735851973262e-01 7.568727902446064082e-01
8.351548128796896231e-01 7.179269788585035394e-01
8.394830811086549938e-01 7.940688361353632763e-01
8.138380918520350393e-01 7.797099357818024767e-01
8.030947117837102800e-01 7.416660653726819818e-01
8.713731430956392909e-01 7.249981961180460566e-01
8.294043993754927069e-01 7.572516054549390807e-01
7.703080799492973973e-01 7.494768742333501876e-01
8.369943268769999278e-01 7.432354426726315300e-01
8.096180303287937585e-01 7.535175698102316577e-01
8.422191649533937730e-01 7.502525434735550780e-01
7.925522870260159891e-01 7.441373836496140148e-01
8.330988854709310276e-01 7.897395194458474155e-01
7.960303597100060191e-01 7.595605743560140954e-01
8.591612434496297412e-01 7.531207157803593288e-01
8.074538962143110732e-01 7.863662601919330086e-01
8.194184662472369096e-01 8.247348293527672070e-01
8.176562427540152722e-01 7.286961541236741668e-01
8.086750861789120393e-01 7.282271448156432125e-01
8.274257624708228898e-01 7.804314885633883980e-01
7.968960133557990710e-01 7.745147557543834438e-01
8.402405280487239558e-01 7.928602352262067443e-01
8.005441251487842580e-01 7.545097048849123134e-01
8.292343602664976610e-01 8.101414243451908748e-01
7.964941027345380231e-01 7.496031459701276711e-01
8.109319688983011032e-01 7.439750342737571076e-01
8.160331421681532582e-01 7.365069629843422616e-01
8.279358797978080275e-01 7.844541453207302117e-01
8.550957629345659061e-01 7.498196118046035474e-01
8.379991034301526032e-01 7.602460494985208150e-01
8.151984047239956288e-01 7.889097337470235560e-01
8.381382263375122266e-01 7.493866801356519058e-01
8.577236400735805955e-01 7.338191788729345744e-01
8.218144718739855970e-01 7.642145897972436597e-01
8.404878576618076691e-01 7.598852731077277989e-01
8.083968403641929035e-01 7.730355725521321775e-01
8.015489017019369333e-01 7.706905260119777390e-01
8.574608523596790599e-01 7.645032109098780504e-01
8.632267239646936874e-01 7.839851360126993685e-01
8.199131254734043361e-01 7.533371816148350941e-01
8.659628078094325776e-01 8.108088606681578270e-01
8.435794778253543624e-01 7.584241287250161889e-01
8.597022769782504126e-01 7.073562306082690210e-01
8.004822927455133019e-01 7.695180027419005198e-01
8.452180365120340877e-01 7.640883180604661762e-01
8.542764835912259880e-01 7.594523414387762683e-01
8.289870306534139477e-01 8.142723140197705156e-01
7.988128178571980431e-01 7.452377516415326086e-01
8.048878514785673399e-01 7.611840681145826126e-01
8.300227234082020455e-01 7.553936070423551419e-01
8.103909353696804319e-01 7.539685402987228446e-01
8.588829976349106055e-01 7.341258388051086214e-01
8.250142987432563801e-01 7.374630204199437156e-01
8.195112148521432882e-01 7.840572912908578829e-01
8.267610641356603063e-01 8.118551122014575627e-01
8.453107851169405773e-01 7.482321956851143430e-01
8.091388292034440433e-01 8.214878418356302836e-01
8.671994558748512549e-01 7.301392596868461204e-01
8.847753165046142731e-01 7.531026769608196725e-01
8.072220247020450712e-01 7.319431416408109792e-01
8.287242429395124121e-01 7.656396565408759569e-01
8.439195560433445653e-01 7.910022368136229165e-01
8.014097787945773099e-01 7.709069918464536153e-01
8.198667511709510913e-01 7.432715203117108427e-01
8.445687962776893265e-01 7.299588714914495569e-01
8.168833377131285989e-01 7.835161267046684141e-01
8.274721367732760235e-01 7.126055270943069120e-01
8.257253713808720974e-01 7.784472184140269757e-01
8.541837349863196094e-01 7.867450754022656811e-01
8.427601984820144443e-01 7.872501623493758371e-01
7.988901083612867104e-01 8.169781369507179702e-01
7.622853256248937059e-01 7.571253337181614862e-01
8.531944165339846453e-01 7.954578252399162608e-01
8.518804779644773006e-01 7.504690093080308433e-01
8.214743936559953941e-01 7.832816220506529925e-01
8.294198574763104181e-01 7.560610433653222051e-01
7.713746889057210288e-01 7.871419294321380100e-01
8.290488630566849038e-01 7.836063208023666959e-01
8.345674050486157070e-01 7.643408615340212542e-01
8.244423490130002863e-01 7.524172018183130639e-01
8.261736563045863901e-01 7.538242297424057048e-01
8.245350976179066649e-01 7.499639223609206873e-01
8.325114776398572225e-01 7.550508694711017821e-01
8.406888129724382486e-01 7.729814560935132084e-01
8.303937178278276710e-01 7.549426365538639550e-01
8.758714504335997075e-01 7.340536835269499960e-01
8.418636286345859698e-01 7.522007359838371876e-01
8.236230696696603681e-01 7.855905909517281183e-01
8.209024439257393002e-01 7.777256656324410544e-01
7.997557620070797624e-01 7.362363806912475273e-01
7.808041304045384434e-01 8.145970127714842191e-01
8.668130033544079183e-01 7.769499963922360530e-01
8.590994110463588962e-01 7.553394905837361728e-01
8.402405280487239558e-01 7.662710152247637074e-01
8.349538575690590436e-01 7.794213146691680860e-01
8.384319302530490736e-01 7.473843711667508272e-01
8.727952883708707255e-01 7.708528753878346462e-01
8.245350976179066649e-01 7.189191139331841951e-01
8.608925507412159561e-01 7.652067248719244263e-01
8.558686679754525795e-01 7.764449094451258970e-01
8.303473435253744261e-01 7.945017678043149179e-01
7.981635776228532819e-01 7.517858431344253134e-01
8.761496962483189543e-01 7.698066238545349105e-01
8.373962374982609758e-01 7.568727902446064082e-01
8.010851586774049293e-01 7.313298217764629960e-01
8.281832094108917408e-01 7.683815571109026132e-01
8.542919416920436992e-01 7.213002381124179463e-01
8.136989689446754159e-01 7.444079659427087492e-01
8.401014051413643324e-01 7.719712821992928964e-01
8.287397010403302344e-01 7.587127498376505796e-01
8.254316674653352504e-01 7.895591312504509629e-01
7.713437727040856062e-01 8.787069774153979385e-01
7.738634431373760947e-01 8.944368280539721772e-01
7.627645267502434212e-01 8.601450321090987616e-01
7.832619684345580868e-01 8.339526661375279426e-01
8.237312763753845690e-01 8.762717367775453292e-01
8.064336615603406866e-01 8.913341510931525047e-01
7.907127730287056844e-01 8.406270293671982419e-01
7.846995718106073436e-01 8.869507179450176748e-01
7.593946607719775921e-01 8.407352622844360690e-01
7.868791640259077402e-01 8.923804026264521294e-01
7.865236277070999371e-01 8.625081174687928565e-01
8.332225502774729398e-01 8.958979724366837871e-01
7.800466834644695924e-01 8.566635399379464166e-01
8.134670974324094139e-01 9.084710296558192733e-01
7.886877618215826224e-01 8.776426870625586574e-01
7.856734321621245964e-01 8.681542679847030763e-01
8.008069128626856825e-01 8.928854895735622854e-01
8.068355721816017345e-01 8.970704957067608953e-01
8.282295837133449856e-01 8.651237463020420293e-01
7.852869796416812598e-01 8.765964355292589216e-01
7.946391306364100071e-01 9.007684537123891166e-01
7.748836777913465923e-01 9.052060033191428046e-01
8.086905442797297505e-01 8.896565408759651294e-01
7.951028736609420111e-01 8.762356591384660165e-01
7.794283594317602537e-01 8.982249801572984582e-01
7.610023032570218948e-01 9.010209971859441946e-01
7.801394320693759710e-01 8.676852586766722331e-01
8.180736114760940314e-01 8.582689948769752775e-01
7.761667001592184034e-01 8.597301392596868874e-01
7.736470297259279150e-01 8.469045385669962123e-01
8.016261922060256007e-01 8.912259181759145665e-01
7.898471193829126324e-01 8.738906125983115780e-01
7.654851524941646002e-01 8.923984414459917858e-01
7.789800745080459610e-01 9.156144021935204158e-01
7.974215887836020311e-01 8.470308103037736958e-01
8.354485167952265812e-01 8.447398802222382264e-01
7.793201527260360528e-01 9.033299660870193204e-01
8.173470807376606029e-01 8.357204704524135996e-01
7.743735604643613435e-01 9.121329100223681818e-01
7.801703482710113935e-01 9.294862544195108267e-01
7.573696495648544191e-01 8.639512230319648101e-01
8.205469076069313861e-01 8.799155783245544704e-01
7.706172419656520667e-01 9.080741756259470554e-01
8.052433877973752541e-01 8.980445919619020057e-01
7.855343092547649730e-01 9.059816725593476949e-01
7.649595770663616401e-01 8.924886355436900676e-01
7.582043870090120485e-01 8.655747167905332162e-01
7.502589231886970245e-01 8.338083555812108028e-01
7.885486389142229990e-01 8.700663828559058732e-01
7.665208452489526980e-01 8.735839526661375309e-01
8.109938013015720593e-01 8.577458691103254651e-01
7.724258397613269489e-01 8.670899776318637953e-01
8.143482091790202881e-01 8.521718738725737596e-01
8.136835108438577047e-01 8.749007864925318900e-01
8.072374828028628935e-01 8.752435240637852498e-01
8.163732203861433501e-01 8.573129374413738235e-01
7.694733425051397679e-01 8.518110974817807435e-01
7.840194153746270489e-01 8.569882386896601201e-01
7.758884543444992676e-01 8.874738437116674872e-01
7.835247561484596224e-01 8.660437260985640595e-01
8.029865050779860791e-01 8.406991846453567563e-01
8.133588907266853241e-01 8.900714337253770037e-01
8.133588907266853241e-01 8.922000144310556768e-01
7.833547170394645764e-01 8.637347571974890448e-01
8.016571084076610232e-01 8.640414171296629808e-01
7.502743812895147357e-01 8.842809726531495329e-01
7.961540245165479313e-01 8.947795656252255370e-01
7.984572815383902400e-01 8.782199292878274388e-01
7.501043421805196898e-01 8.648531640089472949e-01
7.729359570883120867e-01 8.875099213507467999e-01
7.757493314371396442e-01 8.921639367919763641e-01
8.200986226832170933e-01 8.887545998989826446e-01
7.735542811210214253e-01 8.992892705101378503e-01
7.836638790558192458e-01 8.343855978064795842e-01
7.775424711319967042e-01 8.787610938740169075e-01
7.951183317617597224e-01 8.771015224763691887e-01
7.942217619143312479e-01 8.687495490295115141e-01
7.905891082221637722e-01 8.525687279024460885e-01
7.864463372030112698e-01 8.971426509849195208e-01
7.947473373421340970e-01 8.322209394617215983e-01
7.811442086225286463e-01 8.981347860596002874e-01
7.904499853148042599e-01 8.588462371022440589e-01
7.933097339660849512e-01 8.860307381484955336e-01
8.124623208792567386e-01 9.512771484234071595e-01
8.072374828028628935e-01 8.660617649181037159e-01
8.254162093645174281e-01 8.799877336027129848e-01
7.921503764047549412e-01 9.044122952593982578e-01
7.807422980012675984e-01 9.190958943646727608e-01
7.958912368026463957e-01 8.951583808355580985e-01
7.549272696356525980e-01 8.762356591384660165e-01
7.829837226198389510e-01 8.838300021646583460e-01
7.676956609111004193e-01 9.096615917454361488e-01
7.639238843115734312e-01 8.143985857565481101e-01
7.667372586604009888e-01 8.632837867089977468e-01
7.473991745374163331e-01 8.496284003174832122e-01
7.425917051831012472e-01 9.052781585973014300e-01
7.867091249169126943e-01 9.222707266036510587e-01
7.843285773909817182e-01 8.961505159102388651e-01
8.050733486883800971e-01 8.927231401977054892e-01
7.960303597100060191e-01 8.403925247131828202e-01
7.796293147423907222e-01 8.700303052168265605e-01
7.960458178108237304e-01 8.616422541308896843e-01
8.028782983722619893e-01 8.983332130745363964e-01
7.818707393609620748e-01 8.750811746879284536e-01
7.699525436304895942e-01 9.030954614330037877e-01
7.995238904948137604e-01 8.812504509704884859e-01
7.784390409794252896e-01 8.651237463020420293e-01
7.827673092083906603e-01 8.663323472111984502e-01
8.020435609281043599e-01 8.940760516631791610e-01
8.115502929310104419e-01 9.256259470380258092e-01
8.193720919447836648e-01 9.257341799552637474e-01
7.755638342273267760e-01 8.633379031676167159e-01
7.731214542981249549e-01 8.852911465473699559e-01
7.559629623904406959e-01 9.193303990186881824e-01
8.128023990972469415e-01 8.695973735478750299e-01
7.865854601103708932e-01 8.612454001010173554e-01
7.906045663229815945e-01 9.291976333068764360e-01
8.124777789800745609e-01 9.166245760877408388e-01
7.531186718399777158e-01 8.828739447290568920e-01
7.875747785627057462e-01 8.719784977271087811e-01
7.383252693574067216e-01 8.566996175770257294e-01
7.434264426272587656e-01 8.811422180532505477e-01
7.771869348131889010e-01 8.948517209033840514e-01
7.699216274288540607e-01 8.716177213363157650e-01
8.073147733069515608e-01 8.841727397359117058e-01
8.072838571053160273e-01 8.922721697092141913e-01
7.686540631617999608e-01 8.835413810520239553e-01
7.783153761728833775e-01 8.671260552709431080e-01
7.872037841430802318e-01 8.756223392741179223e-01
7.968032647508926924e-01 8.961685547297785215e-01
7.907127730287056844e-01 8.792842196406667199e-01
7.632437278755932475e-01 8.794646078360631725e-01
7.625326552379774192e-01 8.005267335305578102e-01
7.824581471920359910e-01 9.110325420304494770e-01
7.651450742761743973e-01 8.590807417562594805e-01
7.869409964291786963e-01 8.585756548091493245e-01
7.949637507535823877e-01 8.802041994371888611e-01
8.205314495061136748e-01 8.880510859369362686e-01
8.041458626393160891e-01 9.137022873223176189e-01
7.836638790558192458e-01 8.952305361137167239e-01
7.952110803666661010e-01 8.668915506169275753e-01
8.097726113369710932e-01 8.825492459773431886e-01
7.819789460666862757e-01 8.809798686773937515e-01
7.501661745837906459e-01 8.471210044014719776e-01
7.872656165463510769e-01 9.475791904177790492e-01
7.739407336414647620e-01 8.944368280539721772e-01
8.075157286175820293e-01 9.092106212569449619e-01
7.942372200151489592e-01 8.445053755682228047e-01
7.658097726113369808e-01 8.574211703586117617e-01
7.582043870090120485e-01 9.028970344180676788e-01
9.100183951399730686e-01 8.158236525001804074e-01
9.178092779521107580e-01 8.028537412511724813e-01
9.159388477531650308e-01 9.000108232917237716e-01
9.475815801270656147e-01 8.167436322967025486e-01
9.530382897157255728e-01 7.897034418067682138e-01
9.267595183255785685e-01 8.187639800851432836e-01
9.407954738680806006e-01 8.080669600981311707e-01
9.573201836422376987e-01 8.344216754455588969e-01
9.069422330772440866e-01 8.150479832599755170e-01
9.366527028489279871e-01 8.272783029078577544e-01
9.030622497719930086e-01 8.077963778050364363e-01
9.561608260809076887e-01 8.322570171008009110e-01
9.450000772905040591e-01 8.063352334223248263e-01
9.446754571733316785e-01 8.204776679414098606e-01
9.759317370267889258e-01 8.503860307381484462e-01
9.465768035739129393e-01 8.127029367198210785e-01
8.887789646164072632e-01 8.190526011977775633e-01
9.332364625682089132e-01 8.016271015224764040e-01
9.383840101405140910e-01 8.363879067753806629e-01
9.462367253559227365e-01 8.702828486903817495e-01
9.005271212378846979e-01 8.336820838444332082e-01
9.148567806959236881e-01 8.343495201674002715e-01
9.319534402003369911e-01 8.259614690814632842e-01
9.152277751155493135e-01 8.177898838300021733e-01
9.692383793727102903e-01 8.079226495418140308e-01
9.256619931675194035e-01 8.046576232051374511e-01
9.448145800806913019e-01 8.831084493830724247e-01
8.875268584501707636e-01 8.096002597590014060e-01
8.950704116492247397e-01 8.519554080380979943e-01
9.171445796169482856e-01 7.756512013853813503e-01
9.363126246309378953e-01 8.318060466123097241e-01
9.396052001051150571e-01 8.613897106573346063e-01
9.007126184476975661e-01 8.243920917815138472e-01
9.392805799879426765e-01 8.284327873583953172e-01
9.653120217650059676e-01 8.159860018760372036e-01
9.346740659442580590e-01 8.661158813767226849e-01
9.211482277287412757e-01 8.227505592034057846e-01
9.153823561237266482e-01 8.595677898838299802e-01
9.599016864787992542e-01 8.049101666786925291e-01
9.063702833469879927e-01 7.883505303412944309e-01
9.445208761651543439e-01 8.354138105202395526e-01
9.565163623997156028e-01 8.480049065589148061e-01
9.477979935385139054e-01 8.237066166390071276e-01
9.313351161676276524e-01 8.640414171296629808e-01
9.170518310120419070e-01 8.835053034129446425e-01
9.124762331699927120e-01 7.781405584818529286e-01
9.384458425437850471e-01 7.839851360126993685e-01
8.937410149788996838e-01 8.207302114149650496e-01
9.475661220262479034e-01 8.612814777400966681e-01
9.176237807422980008e-01 8.297315823652500200e-01
9.631478876505232822e-01 8.136409553358827651e-01
9.310568703529084056e-01 8.511256223392741349e-01
9.274551328623765745e-01 8.462371022440291490e-01
9.389095855683170511e-01 8.220290064218197523e-01
9.538884852607009135e-01 8.276751569377299722e-01
9.130481829002489169e-01 8.409517281189119453e-01
9.078542610254903833e-01 8.442708709142073831e-01
8.921952048971263372e-01 8.709322461938090454e-01
8.842497410768113131e-01 8.547153474276643070e-01
9.019492665131162434e-01 8.710404791110469835e-01
9.347513564483467263e-01 8.203333573850927207e-01
9.108531325841306980e-01 8.471931596796306030e-01
9.098947303334312675e-01 8.345840248214156931e-01
9.182111885733719170e-01 8.599466050941626527e-01
9.338857028025536744e-01 8.126848979002814222e-01
9.521880941707502322e-01 8.118009957428385936e-01
9.091372833933623054e-01 8.656829497077711544e-01
9.428204850752036625e-01 7.984883469225774189e-01
9.270841384427509491e-01 8.002741900570026212e-01
9.451855745003169273e-01 8.285590590951728007e-01
9.384613006446027583e-01 8.133162565841691727e-01
9.072977693960520007e-01 8.446496861245400556e-01
9.251673339413519770e-01 8.420701349303701955e-01
9.059683727257269448e-01 8.648712028284869513e-01
9.106521772735002296e-01 8.339346273179882862e-01
9.493901779227403859e-01 7.788440724438993046e-01
9.149804455024656002e-01 8.216862688505663925e-01
9.040670263251456840e-01 7.831553503138755090e-01
9.605818429147794379e-01 7.761382495129518500e-01
9.795798488197740017e-01 8.276931957572696286e-01
8.996150932896384012e-01 8.065877768958799043e-01
9.480607812524153299e-01 7.771484234071722730e-01
9.425113230588489932e-01 7.982177646294826845e-01
9.340402838107310091e-01 7.922108377227794485e-01
9.610455859393114419e-01 8.069846309257522332e-01
9.226012892056082437e-01 8.323291723789595364e-01
9.374410659906323717e-01 8.240132765711811746e-01
9.183812276823669629e-01 8.679378021502273111e-01
9.247499652192731068e-01 7.970452413594054653e-01
9.612001669474887766e-01 8.883036294104913466e-01
9.280270825926326683e-01 8.254383433148134719e-01
9.083025459492046760e-01 8.316797748755321296e-01
9.398061554157456365e-01 8.627245833032686217e-01
9.729174073673308998e-01 7.953135146835991209e-01
9.505340773832526846e-01 8.705534309834764839e-01
9.624522731137252762e-01 8.460747528681723528e-01
9.243171383963766363e-01 8.025290424994588889e-01
9.490500997047502940e-01 8.319323183490872076e-01
9.001561268182590725e-01 8.441445991774297886e-01
8.961988530089193272e-01 8.221733169781370032e-01
9.441344236447110072e-01 8.276210404791110031e-01
9.549550942171244339e-01 8.583231113355942465e-01
9.660694687050749296e-01 7.921927989032397921e-01
9.348904793557063497e-01 8.193772999494912668e-01
9.058601660200027439e-01 8.596579839815282620e-01
9.434388091079130012e-01 7.942672631502994962e-01
8.993677636765546879e-01 8.337903167616711464e-01
9.175310321373916222e-01 8.220650840608990650e-01
8.640460033080336055e-01 8.518832527599393689e-01
9.227249540121500448e-01 8.053430983476441707e-01
9.413519654975189832e-01 8.102135796233495002e-01
9.172373282218546642e-01 7.746049498520817256e-01
8.959824395974710365e-01 8.344757919041777550e-01
8.936791825756287277e-01 8.250956057435601121e-01
9.247345071184553955e-01 8.536690958943646823e-01
9.547077646040407206e-01 8.752615628833249062e-01
9.445827085684252999e-01 8.272241864492387853e-01
9.427431945711149952e-01 8.384804098419799123e-01
9.453710717101296845e-01 8.175373403564470953e-01
9.513378986257748915e-01 8.386247203982971632e-01
8.890881266327619326e-01 8.127931308175192493e-01
9.354315128843270211e-01 8.605960025975900596e-01
8.968480932432640884e-01 7.746590663107005836e-01
9.626532284243557447e-01 8.383360992856627725e-01
9.625604798194493661e-01 8.491774298289920253e-01
9.186903896987216323e-01 8.361894797604444429e-01
9.246726747151844394e-01 8.262861678331769877e-01
9.014855234885842394e-01 8.568439281333429802e-01
9.425267811596667045e-01 7.905512663251317296e-01
8.999397134068108928e-01 8.024749260408399198e-01
9.306549597316473577e-01 8.415650479832599284e-01
9.337156636935586285e-01 8.381737499098058652e-01
9.303921720177459331e-01 8.290100295836640987e-01
9.167426689956872377e-01 7.975864059455949340e-01
9.374101497889969492e-01 8.337362003030521773e-01
9.552178819310259694e-01 8.133523342232484854e-01
9.368536581595585666e-01 8.577999855689443232e-01
9.473342505139819014e-01 8.197019987012049702e-01
9.533938260345333759e-01 8.163467782668302197e-01
9.163098421727906562e-01 8.083014647521465923e-01
9.143157471673030168e-01 8.613175553791759809e-01
9.473497086147996127e-01 8.035211775741395446e-01
9.263576077043174095e-01 8.202431632873944389e-01
9.252446244454406443e-01 8.160942347932751417e-01
9.687900944489959976e-01 7.847066887942852897e-01
9.529609992116369055e-01 8.594415181470524967e-01
9.525745466911935688e-01 8.005808499891766683e-01
9.427431945711149952e-01 8.730969045385670313e-01
9.398834459198343039e-01 8.490511580922144308e-01
9.579539657757647486e-01 8.377227794213146783e-01
9.148413225951059768e-01 9.070820405512662887e-01
9.235906076579430968e-01 9.470199870120499241e-01
8.972809200661606699e-01 9.583844433220289893e-01
9.506113678873413519e-01 9.313442528320946545e-01
8.942820485075203552e-01 9.675842412872501797e-01
9.272541775517459950e-01 9.851720903384082462e-01
8.886862160115007736e-01 9.100223681362291650e-01
9.174691997341206662e-01 8.738725737787719217e-01
9.030158754695397638e-01 9.419150010823291730e-01
9.339475352058246305e-01 9.375135291146546868e-01
9.097710655268893554e-01 9.545962912187025973e-01
9.394506190969377224e-01 9.579515116530774588e-01
9.462367253559227365e-01 9.004257161411357568e-01
8.516640645530290099e-01 9.395519157226350782e-01
8.841106181694516897e-01 9.406883613536329847e-01
9.580157981790357047e-01 9.401291579479038596e-01
9.033404955867122554e-01 9.359982682733242187e-01
9.122907359601799548e-01 9.250847824518363405e-01
9.293255630613223017e-01 9.808608124684320417e-01
9.259247808814209391e-01 9.063244101306010547e-01
9.647246139339320514e-01 9.612706544483728965e-01
9.245026356061893935e-01 8.723573129374413426e-01
9.332519206690266245e-01 9.710837722779421810e-01
9.313196580668099411e-01 9.343386968756764999e-01
9.380593900233417104e-01 9.601522476369146464e-01
9.486481890834892461e-01 9.245075402265675590e-01
8.988421882487517278e-01 9.567248719243812705e-01
9.236678981620317641e-01 9.486795584096976430e-01
9.375647307971742839e-01 9.223068042427303714e-01
9.191541327232536363e-01 9.261310339851359652e-01
8.990122273577467737e-01 8.945270221516703479e-01
9.477361611352429493e-01 8.969261851504437555e-01
9.151195684098252237e-01 9.524857493325636915e-01
9.211946020311944094e-01 9.360343459124035315e-01
8.748202995779938984e-01 9.215672126416046828e-01
9.145476186795690188e-01 1.000000000000000000e+00
9.426504459662086166e-01 9.501948192510282221e-01
9.399452783231052599e-01 9.557507756692401601e-01
9.171909539194014194e-01 8.818457320152969237e-01
8.847289422021610283e-01 9.433581066455011266e-01
9.622049435006415630e-01 9.203225340933689491e-01
9.426659040670263279e-01 9.198715636048776512e-01
9.516316025413117385e-01 9.019229381629265685e-01
9.205608198976673595e-01 9.175445558842629801e-01
9.133882611182390088e-01 9.581138610289342550e-01
9.133728030174212975e-01 8.911357240782162847e-01
8.898301154720130723e-01 9.434483007431994084e-01
9.544449768901392961e-01 9.729958871491449779e-01
9.025366743441900486e-01 9.763691464030593847e-01
9.379666414184353318e-01 9.154881304567429323e-01
8.907266853194416578e-01 8.911176852586766284e-01
9.356015519933220670e-01 9.101486398730067595e-01
9.239306858759332997e-01 9.558770474060177547e-01
9.143775795705739728e-01 9.399848473915867197e-01
8.966780541342690425e-01 9.245075402265675590e-01
9.285990323228887622e-01 9.290172451114798724e-01
9.508586975004250652e-01 9.520167400245328482e-01
9.275633395681006643e-01 9.181398369290713068e-01
9.300366356989380190e-01 8.848040984197994563e-01
9.253992054536179790e-01 9.200339129807345584e-01
9.017483112024856640e-01 9.050075763042066956e-01
8.973736686710670485e-01 9.415722635110758132e-01
9.650492340511044320e-01 9.566707554657623014e-01
9.327881776444946205e-01 9.414459917742983297e-01
9.266976859223076124e-01 9.274839454506097480e-01
9.337156636935586285e-01 9.661050580849989133e-01
8.841415343710872232e-01 9.524135940544050660e-01
9.276560881730070429e-01 8.998845515549462881e-01
8.848526070087029405e-01 8.999206291940254898e-01
8.746193442673633189e-01 9.181217981095317615e-01
8.750521710902599004e-01 9.564903672703658488e-01
9.055819202052836081e-01 9.518363518291362846e-01
9.050254285758452255e-01 9.560754744209538636e-01
9.635961725742375750e-01 9.793094739880222610e-01
1.000000000000000000e+00 9.190417779060537917e-01
8.916387132676879546e-01 9.318313009596651542e-01
9.420939543367702340e-01 9.416985352478534077e-01
8.967862608399932434e-01 9.706508406089905394e-01
9.483081108654990432e-01 9.012735406594992726e-01
9.362044179252136944e-01 9.429071361570099397e-01
9.193550880338841047e-01 9.302438848401760607e-01
9.262803172002287422e-01 9.266541597517858886e-01
9.370236972685536125e-01 9.419871563604877984e-01
9.097865236277070666e-01 9.231546287610938872e-01
8.895827858589293591e-01 9.571397647737932557e-01
8.886243836082299286e-01 9.343928133342953579e-01
9.683108933236462823e-01 9.366837434158308273e-01
9.223230433908889969e-01 9.460819683959881266e-01
9.534865746394397545e-01 9.228840464679991529e-01
9.098483560309780227e-01 9.348798614618659686e-01
9.193087137314309709e-01 9.123313370373042908e-01
9.169127081046822836e-01 9.153438199004256814e-01
9.074214342025939128e-01 9.220001443105563244e-01
9.105748867694115622e-01 9.058734396421098678e-01
9.063548252461702814e-01 9.769103109892488535e-01
9.159233896523473195e-01 8.973230391803160844e-01
9.635034239693310854e-01 9.470199870120499241e-01
9.363589989333910291e-01 9.335810664550111548e-01
9.349677698597950171e-01 9.333104841619164205e-01
9.361889598243959831e-01 8.909733747023594885e-01
9.276870043746425765e-01 9.454145320730211743e-01
8.948694563385942713e-01 9.654917382206508192e-01
9.243480545980120588e-01 9.216032902806839955e-01
9.069267749764263753e-01 9.337253770113284057e-01
9.323244346199626165e-01 8.939497799264015665e-01
8.714968079021810921e-01 9.212244750703514340e-01
9.061847861371752355e-01 9.091745436178656492e-01
9.098638141317957340e-01 9.335449888159318421e-01
9.468859655902676087e-01 9.427808644202323451e-01
9.065712386576185722e-01 9.656721264160473828e-01
9.652347312609173002e-01 9.494913052889818461e-01
9.430059822850164197e-01 9.424922433075979544e-01
8.664883832372354266e-01 9.410671765639656572e-01
9.343649039279033897e-01 9.477956562522548145e-01
9.189377193118053455e-01 9.263835774586911542e-01
8.974818753767912494e-01 9.662132910022368515e-01
8.901856517908209865e-01 9.440616206075473915e-01
9.280734568950859131e-01 9.601522476369146464e-01
9.127544789847119588e-01 9.601161699978353337e-01
9.300057194973025965e-01 9.547406017750198481e-01
8.820546907606930942e-01 8.987300671044087252e-01
9.009908642624167019e-01 9.385778194674940789e-01
9.249818367315391088e-01 9.152897034418068234e-01
9.311187027561793617e-01 9.177249440796594326e-01
9.270532222411154155e-01 9.034923154628761166e-01
9.551096752253017685e-01 9.633811963345119134e-01
9.288154457343370529e-01 9.105815715419582901e-01
9.246726747151844394e-01 9.084169131972004152e-01
9.186285572954506762e-01 9.260588787069774508e-01
9.178865684561994254e-01 8.748827476729922337e-01
9.089517861835494372e-01 9.518543906486759409e-01
9.110386297939435662e-01 9.349339779204849377e-01
8.992904731724660206e-01 9.596471606898044904e-01
9.140065851509483474e-01 9.125658416913197124e-01
9.167735851973226602e-01 9.455768814488779705e-01
9.470405465984449433e-01 9.234612886932679343e-01
9.202671159821304014e-01 9.203946893715275746e-01
9.376420213012629512e-01 9.199617577025759330e-01
8.933391043576386359e-01 9.549209899704163007e-01
9.398679878190165926e-01 9.170394689371527130e-01
9.352460156745142639e-01 9.621004401471967560e-01
9.324326413256867063e-01 8.841186232772927367e-01
9.190923003199826802e-01 9.485172090338408468e-01
9.088126632761899248e-01 9.398224980157298125e-01
8.911904283439736618e-01 9.329316689515838590e-01
8.871094897280920044e-01 9.238040262645212941e-01
9.009135737583280346e-01 9.785157659282776033e-01
9.637971278848680434e-01 9.546504076773215663e-01
8.960133557991065700e-01 8.817374990980589855e-01
9.216119707532732797e-01 9.403456237823797359e-01
6.720873073534185949e-01 8.227144815643264719e-01
7.020914810406393425e-01 8.284688649974745189e-01
7.212131517521757074e-01 8.404286023522620219e-01
6.958927826127282446e-01 8.262320513745580186e-01
6.764310336832016768e-01 7.992459773432426529e-01
6.521463572985423118e-01 8.092935998268273590e-01
6.655330726066995828e-01 8.203694350241720334e-01
7.023233525529053445e-01 7.894869759722923375e-01
6.947797993538513683e-01 7.622844361065012064e-01
6.776058493453493980e-01 8.177357673713832042e-01
6.718399777403347706e-01 8.232195685114366279e-01
6.832789723454576469e-01 8.271520311710801598e-01
7.039155369371319360e-01 8.170502922288765957e-01
6.936204417925213583e-01 8.426473771556389769e-01
6.727210894869456448e-01 8.407352622844360690e-01
6.995563525065310317e-01 8.860126993289558772e-01
7.078573526456539700e-01 7.942853019698390415e-01
6.757354191464036708e-01 7.735226206797026771e-01
6.849484472337729057e-01 8.413666209683238195e-01
6.992162742885409399e-01 7.893065877768958849e-01
6.870198327433491015e-01 8.111696370589508431e-01
6.699231732389359095e-01 8.315715419582943024e-01
6.642345921380099494e-01 8.340789378743055371e-01
6.487301170178232379e-01 8.431344252832094766e-01
6.869734584408959677e-01 8.211631430839165802e-01
6.921673803156543903e-01 7.984522692834981061e-01
6.868961679368073003e-01 8.545710368713471672e-01
6.670943407892906407e-01 8.232376073309762843e-01
7.047348162804717431e-01 8.267010606825889729e-01
6.922292127189253463e-01 8.259253914423839715e-01
6.739886537539997446e-01 8.463633739808067435e-01
7.157873583651512828e-01 8.290461072227433004e-01
6.472152231376853138e-01 7.938884479399668237e-01
6.700468380454777106e-01 8.067320874521971552e-01
6.524091450124437364e-01 8.098528032325564840e-01
6.821350728849453482e-01 7.858792120643625090e-01
6.605091898409360951e-01 8.301825528537412069e-01
6.955063300922849079e-01 8.529655819323183064e-01
6.692121006013200812e-01 8.464896457175842270e-01
6.787806650074972303e-01 8.248069846309257214e-01
6.794299052418419915e-01 8.278194674940472231e-01
7.076563973350233905e-01 8.531820477667941827e-01
6.547587763367392899e-01 7.975683671260552776e-01
6.852266930484920415e-01 7.908759650768453220e-01
6.617458379063547724e-01 8.576376361930875269e-01
6.671252569909260632e-01 7.712316905981672077e-01
6.789970784189454100e-01 8.187820189046828290e-01
6.664760167565813020e-01 8.520997185944151342e-01
6.658267765222364298e-01 8.236885778194674712e-01
6.960782798225410017e-01 8.542824157587127765e-01
6.848711567296842384e-01 8.557796377805036991e-01
6.831089332364626010e-01 8.317880077927700677e-01
7.071771962096736752e-01 8.184753589725088929e-01
6.438298990586016624e-01 7.989032397719892931e-01
6.546505696310150890e-01 8.239591601125622056e-01
6.820268661792212583e-01 8.241215094884191128e-01
6.503686757045029632e-01 8.623277292733964039e-01
6.729993353016648916e-01 7.966664261490727927e-01
7.003601737490532386e-01 8.470849267623926648e-01
6.941614753211420297e-01 8.003283065156215903e-01
7.030807994929743066e-01 8.942925174976549263e-01
7.150762857275355655e-01 8.611552060033191847e-01
7.027561793758019260e-01 8.300562811169637234e-01
6.850102796370437508e-01 8.397431272097554134e-01
6.921055479123834342e-01 8.022223825672848418e-01
6.818259108685906789e-01 8.533804747817302916e-01
6.898950394954476151e-01 8.281622050653004719e-01
6.863860506098220515e-01 8.200808139115376427e-01
7.026479726700777251e-01 8.487444981600403837e-01
6.835881343618123163e-01 8.529295042932391047e-01
6.912862685690436271e-01 8.347824518363518020e-01
6.455612063501877662e-01 8.271881088101594726e-01
6.869734584408959677e-01 7.952233205859008391e-01
7.123092856811612528e-01 8.222274334367558613e-01
6.934504026835263124e-01 8.189804459196190489e-01
7.028334698798905933e-01 8.385164874810592250e-01
6.745451453834382383e-01 8.568619669528826366e-01
6.914408495772209617e-01 8.044772350097409985e-01
7.054922632205407051e-01 8.346020636409553495e-01
6.980105424247576851e-01 8.351973446857637873e-01
6.629206535685026047e-01 7.833176996897323052e-01
6.462877370886213058e-01 8.329785698823869433e-01
6.889675534463836071e-01 8.492676239266901961e-01
7.052140174058215694e-01 7.872682011689154935e-01
6.801100616778222863e-01 7.867450754022656811e-01
7.049203134902846113e-01 8.604336532217331523e-01
7.006075033621369519e-01 8.185114366115880946e-01
6.802955588876350435e-01 8.253301103975755337e-01
7.043947380624816512e-01 8.122880438704090933e-01
6.398571671484440948e-01 8.644743487986146224e-01
6.914563076780386730e-01 8.258532361642254571e-01
7.027716374766196372e-01 8.039721480626307315e-01
6.334729715107202397e-01 8.385525651201385378e-01
6.751170951136943321e-01 8.042066527166462642e-01
6.990462351795458940e-01 8.331589580777833959e-01
6.902505758142554182e-01 8.403023306154845384e-01
6.443709325872223337e-01 8.370012266397286460e-01
6.731384582090244040e-01 8.340428602352262244e-01
7.136077661498507752e-01 8.402482141568655694e-01
6.978405033157626391e-01 7.977487553214517302e-01
6.903124082175263743e-01 8.211631430839165802e-01
7.054458889180875714e-01 8.082293094739879669e-01
6.785024191927779835e-01 8.262500901940976750e-01
7.160965203815059521e-01 8.381737499098058652e-01
6.745451453834382383e-01 8.320585900858648021e-01
6.953053747816543284e-01 8.375965076845370838e-01
6.670788826884729295e-01 8.424850277797820697e-01
7.167766768174862468e-01 8.361894797604444429e-01
7.032199224003339300e-01 8.150660220795150623e-01
6.694903464160393280e-01 8.649613969261851221e-01
6.982578720378413983e-01 8.196118046035067994e-01
6.822278214898517268e-01 8.211811819034562365e-01
6.982424139370236871e-01 8.337362003030521773e-01
6.854585645607580435e-01 8.357565480914929124e-01
6.898641232938120815e-01 7.960170286456453859e-01
6.964338161413489159e-01 7.470416335954974674e-01
6.683464469555270293e-01 7.723320585900859125e-01
6.560727149062466346e-01 8.389674579695505230e-01
6.764310336832016768e-01 8.485099935060249621e-01
7.109180566075652408e-01 8.598744498160040273e-01
6.583450557264534098e-01 8.379933617144094127e-01
6.731539163098422263e-01 8.423046395843856171e-01
6.421758822711042258e-01 8.032145176419654975e-01
6.824596930021177288e-01 8.389313803304712103e-01
6.667542625713004378e-01 7.955119416985352299e-01
6.666460558655763480e-01 8.467782668302186178e-01
7.019523581332797191e-01 8.269716429756837073e-01
6.966966038552503404e-01 8.324734829352766763e-01
6.975004250977724363e-01 8.377408182408543347e-01
6.924456261303736371e-01 8.255104985929720973e-01
6.949189222612109917e-01 7.952233205859008391e-01
6.958154921086395772e-01 8.378670899776318182e-01
6.764310336832016768e-01 8.322389782812612546e-01
7.097896152478706533e-01 8.436395122303196326e-01
6.824287768004823063e-01 8.522440291507323851e-01
6.987370731631912246e-01 8.295151165307742547e-01
6.270887758729962735e-01 8.125225485244245149e-01
6.387132676879319071e-01 7.844361065011905554e-01
7.197137159728556055e-01 8.382098275488851780e-01
7.137932633596636434e-01 8.003463453351612467e-01
6.990462351795458940e-01 8.064073887004834518e-01
6.604009831352120052e-01 8.436214734107799762e-01
6.437526085545129950e-01 8.099429973302546548e-01
6.651311619854384238e-01 8.424850277797820697e-01
6.770184415142755929e-01 8.130456742910744383e-01
6.655639888083350053e-01 8.184573201529692366e-01
6.452984186362863417e-01 7.882783750631359165e-01
7.365630458641850842e-01 8.046756620246771075e-01
6.992626485909940737e-01 8.385886427592178505e-01
7.223106769102347613e-01 8.083195035716862487e-01
5.784266744987710540e-01 7.782487913990908668e-01
5.825849036187413788e-01 7.620860090915650975e-01
5.932200769813420482e-01 7.917779060538278069e-01
5.601551993322100298e-01 8.156613031243235001e-01
5.985685798642779165e-01 8.055415253625802796e-01
5.988777418806325858e-01 8.127209755393607349e-01
5.939156915181400542e-01 8.126488202612021094e-01
5.722743503733130899e-01 8.213615700988526891e-01
5.742529872779830180e-01 7.750559203405729125e-01
5.625512049589587171e-01 7.628075618731510188e-01
5.570326629670279139e-01 8.116386463669817974e-01
5.789986242290272589e-01 7.813695071794501956e-01
5.710222442070767013e-01 8.045133126488203112e-01
6.003771776599526877e-01 8.128111696370589057e-01
5.916742668995687016e-01 7.960711451042643549e-01
6.268414462599125603e-01 7.778519373692185379e-01
5.476186795690280995e-01 7.876109387401688533e-01
5.731863783215593866e-01 8.016451403420160604e-01
5.956315407089085578e-01 8.336640450248935519e-01
5.971928088914996158e-01 8.105923948336820617e-01
5.973319317988592392e-01 7.786997618875820537e-01
6.081062280688194210e-01 7.899920629194026045e-01
5.943948926434897695e-01 7.523270077206147821e-01
5.782566353897760081e-01 7.655133848040984734e-01
5.677760430353526733e-01 7.585684392813334398e-01
6.052464794175387297e-01 8.194133775885705795e-01
6.139030158754695821e-01 7.776895879933617417e-01
6.059266358535190244e-01 8.095100656613031243e-01
5.497828136835108959e-01 7.903167616711161969e-01
5.974865128070365738e-01 7.862941049137744942e-01
5.913805629840317435e-01 7.882603362435962602e-01
5.574345735882889619e-01 8.101053467061115620e-01
6.048291106954599705e-01 8.057760300165957013e-01
5.902984959267904008e-01 7.666859080741755816e-01
5.922462166298249064e-01 7.741900570026697403e-01
5.587639702586140178e-01 8.273324193664766124e-01
6.159280270825926440e-01 7.838949419150010867e-01
6.431188264209859451e-01 8.139656540875964685e-01
5.601397412313923185e-01 7.694458474637420053e-01
5.671422609018256233e-01 7.503246987517137034e-01
5.957706636162680702e-01 8.193592611299516104e-01
5.895874232891746836e-01 7.754347355509055850e-01
6.036542950333122493e-01 7.614005339490583779e-01
5.867276746378939922e-01 8.125947038025831404e-01
5.475568471657572545e-01 7.782487913990908668e-01
5.650245010897960718e-01 7.625550183995959408e-01
6.382186084617643695e-01 7.918861389710657450e-01
6.108886862160115561e-01 8.001479183202251377e-01
5.699865514522886034e-01 8.104300454578252655e-01
5.931273283764356696e-01 7.863121437333140396e-01
5.877169930902289563e-01 7.650984919546864882e-01
5.687344452860521038e-01 8.445234143877624611e-01
5.947040546598444388e-01 7.994263655386391054e-01
5.713932386267023267e-01 7.981816869904033718e-01
5.688271938909585934e-01 7.790605382783750699e-01
5.860011438994605637e-01 7.938343314813478546e-01
5.858311047904654068e-01 7.623926690237390336e-01
5.815492108639532809e-01 7.996608701926546381e-01
5.539255847026633983e-01 7.499098059023017182e-01
5.524416070241610077e-01 8.551122014575366359e-01
5.774528141472539122e-01 7.796918969622628204e-01
5.801888979919926914e-01 8.460747528681723528e-01
5.644216351579044444e-01 7.534454145320730323e-01
5.328716513889103501e-01 8.114943358106645466e-01
5.487471209287226870e-01 8.109531712244750778e-01
5.696000989318452667e-01 8.094379103831444988e-01
5.933437417878839604e-01 8.000036077639078869e-01
5.600006183240326951e-01 7.685799841258388332e-01
6.101003230743070604e-01 8.144166245760877665e-01
5.638651435284660618e-01 7.788801500829786173e-01
6.003926357607703990e-01 8.482935276715491968e-01
5.745466911935199761e-01 7.739014358900353496e-01
6.048754849979131043e-01 8.014106356880005277e-01
5.587794283594317291e-01 7.712677682372465204e-01
5.327634446831862602e-01 8.236525001803881585e-01
5.892782612728200142e-01 7.723681362291651142e-01
6.364563849685427321e-01 8.171044086874954537e-01
6.046899877881003471e-01 7.810808860668158049e-01
5.811318421418744107e-01 7.799264016162782420e-01
6.179839544913512395e-01 8.505303412944656971e-01
5.296409083180040334e-01 8.007071217259542628e-01
5.772673169374410440e-01 8.161483512518941108e-01
5.513595399669196651e-01 8.205498232195684860e-01
6.012428313057457396e-01 8.469766938451547267e-01
5.678687916402590519e-01 7.433617144094090134e-01
5.740984062698056833e-01 8.383180604661231161e-01
6.147532114204449227e-01 7.980373764340861209e-01
5.805289762099828943e-01 8.698679558409697643e-01
5.971155183874109484e-01 7.591276426870625649e-01
5.586248473512543944e-01 8.182588931380330166e-01
5.872377919648792410e-01 8.022223825672848418e-01
5.705275849809092747e-01 7.977487553214517302e-01
5.240450758219845628e-01 7.601017389422036752e-01
5.611599758853627051e-01 7.472580994299733437e-01
5.790140823298449702e-01 8.182228154989537039e-01
5.473249756534912525e-01 8.130276354715347820e-01
5.813946298557759462e-01 7.882242586045169475e-01
5.794932834551946854e-01 7.856627462298867437e-01
5.641279312423675973e-01 8.076881448877984981e-01
5.569244562613037131e-01 7.956201746157731680e-01
5.852746131610270242e-01 8.091492892705101081e-01
6.248318931536070986e-01 7.808283425932607269e-01
5.615618865066237531e-01 7.499819611804603436e-01
5.729699649101110959e-01 8.298758929215671598e-01
5.789367918257563028e-01 8.233819178872934241e-01
6.277225580065233235e-01 7.645753661880366758e-01
5.801888979919926914e-01 8.259614690814632842e-01
5.565843780433136212e-01 8.033227505592034356e-01
5.373699587268707667e-01 8.511616999783534476e-01
5.868049651419826596e-01 7.759759001370950537e-01
5.971155183874109484e-01 7.652969189696225971e-01
5.492108639532546910e-01 7.650443754960675191e-01
6.143513007991837638e-01 7.978389494191500120e-01
5.712695738201604145e-01 7.411609784255718258e-01
5.563370484302299079e-01 7.993361714409409347e-01
5.840225069947906356e-01 7.878454433941842749e-01
5.899120434063470642e-01 7.729453784544338957e-01
5.971618926898640822e-01 7.645212497294177068e-01
6.153251611507010166e-01 7.946460783606320577e-01
5.996506469215192592e-01 7.708167977487553335e-01
5.596914563076780258e-01 7.946641171801717141e-01
5.668485569862886653e-01 7.839129807345407430e-01
5.535855064846733065e-01 7.979832599754671518e-01
5.863721383190860781e-01 7.986687351179738714e-01
5.666166854740226633e-01 7.881160256872790093e-01
6.402899939713406763e-01 8.150479832599755170e-01
5.661374843486729480e-01 7.857168626885057128e-01
5.752886800327712269e-01 7.594884190778555810e-01
5.946885965590267276e-01 8.152824879139909386e-01
5.784885069020420101e-01 7.904791110469731041e-01
6.009955016926620264e-01 7.865105707482502595e-01
5.613454730951755733e-01 7.738473194314163806e-01
5.881189037114900042e-01 7.796738581427231640e-01
5.925708367469972870e-01 8.114402193520455775e-01
5.762934565859239022e-01 7.858792120643625090e-01
5.662766072560325714e-01 8.281080886066816138e-01
5.580992719234514343e-01 8.091853669095894208e-01
6.017529486327309884e-01 7.973158236525001996e-01
5.855219427741107374e-01 8.065516992568005916e-01
5.677760430353526733e-01 8.366404502489357409e-01
5.829558980383670042e-01 7.523811241792337512e-01
5.899893339104357315e-01 8.109351324049354215e-01
5.762316241826529462e-01 7.814055848185295083e-01
5.753968867384953167e-01 7.949527382928061048e-01
6.139493901779227158e-01 8.256006926906702681e-01
5.489789924409886890e-01 7.886391514539288217e-01
5.632313613949390119e-01 7.583880510859369872e-01
5.900511663137066876e-01 7.844000288621112427e-01
5.898192948014406856e-01 7.598852731077277989e-01
5.710377023078944125e-01 8.156252254852442984e-01
5.499837689941413643e-01 8.805469370084422209e-01
5.817501661745837493e-01 8.948697597229237077e-01
5.599697021223972726e-01 8.831264882026119700e-01
5.310630535932355789e-01 8.944368280539721772e-01
5.665393949699339959e-01 8.992892705101378503e-01
5.447589309177474082e-01 9.365935493181326565e-01
5.254208467947627526e-01 9.071541958294249142e-01
5.474022661575799198e-01 9.098239411212930561e-01
5.754278029401307393e-01 9.302980012987950298e-01
5.278941429256001072e-01 8.887185222599033319e-01
5.140282264920932320e-01 9.289090121942420453e-01
5.581147300242692566e-01 9.356014142434518899e-01
5.382819866751170634e-01 9.226495418139837312e-01
5.910714009676770742e-01 8.771376001154483903e-01
5.570944953702987590e-01 8.720145753661879828e-01
5.301664837458069934e-01 8.580344902229598558e-01
5.051398185218963777e-01 8.950140702792409586e-01
5.773600655423474226e-01 9.170394689371527130e-01
5.410644448223090874e-01 8.530196983909372754e-01
5.452381320430972345e-01 9.196370589508622295e-01
5.559351378089687490e-01 9.274298289919907790e-01
5.484997913156389737e-01 9.212605527094307467e-01
5.801425236895395576e-01 9.047911104697308193e-01
5.105965281105563358e-01 8.990367270365827723e-01
5.603406965420228980e-01 8.770654448372898759e-01
5.759997526703869442e-01 8.826574788945811267e-01
5.691827302097663965e-01 9.040875965076845544e-01
5.724598475831259581e-01 8.897647737932029566e-01
5.281723887403193540e-01 9.188613897106573392e-01
5.386066067922894440e-01 8.978100873078865840e-01
5.806217248148892729e-01 9.018507828847680541e-01
5.687962776893230599e-01 9.457753084638140795e-01
5.594595847954120238e-01 9.004798325997547259e-01
5.529362662503284342e-01 9.387762464824301878e-01
5.361796849639053342e-01 8.955913125045097400e-01
5.572336182776583824e-01 8.946713327079875988e-01
5.497673555826930736e-01 8.719784977271087811e-01
5.494736516671562265e-01 8.930117613103398799e-01
5.876706187877757115e-01 8.889349880943790971e-01
5.818274566786724167e-01 9.350782884768020775e-01
5.462738247978853323e-01 8.554008225701710266e-01
5.933128255862484268e-01 9.185006133198643230e-01
5.514059142693729099e-01 8.711667508478244670e-01
5.162696511106645847e-01 9.224511147990475113e-01
5.852591550602093129e-01 9.301536907424777789e-01
5.089888856255120331e-01 8.884840176058879102e-01
5.519469477979935812e-01 9.443682805397214386e-01
5.849809092454900661e-01 8.523522620679703232e-01
5.643598027546335993e-01 8.575113644563099324e-01
5.696928475367516453e-01 9.227036582726025893e-01
5.439551096752253123e-01 9.072624287466628523e-01
5.936838200058740522e-01 9.048091492892704757e-01
5.365352212827132483e-01 8.872032614185727528e-01
5.764944118965543707e-01 9.095713976477379781e-01
5.472167689477670516e-01 8.887004834403636755e-01
5.579446909152740997e-01 8.641857276859802317e-01
6.022630659597162373e-01 9.060357890179666640e-01
5.434913666506933083e-01 9.159932174038530883e-01
5.555486852885254123e-01 8.891153762897755497e-01
6.006245072730364010e-01 8.895122303196478786e-01
5.445425175062992285e-01 8.715996825167761086e-01
5.531063053593235912e-01 8.940219352045601919e-01
5.776846856595199142e-01 9.066130312432354454e-01
5.422701766860923422e-01 8.633920196262356850e-01
5.320059977431172982e-01 8.994335810664549902e-01
5.273994836994326807e-01 8.521899126921134160e-01
5.741138643706233946e-01 9.173641676888664165e-01
5.385911486914717328e-01 9.348798614618659686e-01
5.662611491552147491e-01 9.028068403203693970e-01
5.512358751603777529e-01 9.071181181903456014e-01
5.524106908225255852e-01 9.190057002669744790e-01
5.698010542424757352e-01 8.813045674291074549e-01
5.630922384875793885e-01 8.528573490150804792e-01
5.572336182776583824e-01 8.983151742549967400e-01
5.445425175062992285e-01 9.126740746085576506e-01
5.195467684840240352e-01 8.651417851215816857e-01
5.405388693945062384e-01 8.981167472400606311e-01
5.386375229939249776e-01 8.460206364095533837e-01
5.414045230402992903e-01 8.746843206580561247e-01
5.617319256156189100e-01 9.231005123024749182e-01
5.327789027840039715e-01 8.798434230463958450e-01
5.887526858450170542e-01 9.059997113788873513e-01
5.633395681006631017e-01 9.318854174182841232e-01
5.212471595739747166e-01 8.971787286239988335e-01
5.493654449614320257e-01 9.049354210260480702e-01
5.475104728633040096e-01 8.904502489357096762e-01
5.556414338934319019e-01 8.986398730067104434e-01
5.602943222395696532e-01 9.227216970921422456e-01
5.612372663894513725e-01 9.069557688144888052e-01
5.623811658499636712e-01 9.519085071072949100e-01
5.717642330463279521e-01 9.267623926690237157e-01
5.695382665285743107e-01 8.874558048921278308e-01
5.528280595446043444e-01 9.646980301609062725e-01
5.325624893725556808e-01 8.906125983115664724e-01
5.670495122969192447e-01 9.288909733747023889e-01
5.341855899584176948e-01 8.960242441734612706e-01
5.832341438530862510e-01 9.552637275416696605e-01
5.619174228254316672e-01 8.999747456526444589e-01
5.207525003478072900e-01 9.271231690598167319e-01
5.509576293456586171e-01 9.100945234143877904e-01
5.192066902660339434e-01 8.960062053539216143e-01
5.337682212363389356e-01 9.002453279457391933e-01
5.130079918381227344e-01 9.022656757341799283e-01
5.092052990369603238e-01 8.569521610505808074e-01
5.867585908395294148e-01 8.558698318782018699e-01
5.284351764542208896e-01 9.253192871058517621e-01
4.876103321945865487e-01 9.207013493037015106e-01
5.338300536396098916e-01 9.122411429396060090e-01
5.211080366666150931e-01 8.892236092070134879e-01
5.421001375770972963e-01 8.952124972941770675e-01
5.576819032013726751e-01 9.259326069701998563e-01
5.303519809556197506e-01 9.095353200086586654e-01
5.350357855033930354e-01 9.190598167255934481e-01
5.759997526703869442e-01 8.905584818529475033e-01
5.823530321064753768e-01 8.876903095461432525e-01
5.765253280981899042e-01 8.849123313370372834e-01
5.543274953239245573e-01 9.265098491954686377e-01
5.578674004111854323e-01 9.198715636048776512e-01
5.033621369278570290e-01 8.974312720975539115e-01
5.341082994543290274e-01 9.276462948264665442e-01
5.654264117110572307e-01 8.692365971570820138e-01
5.623657077491459599e-01 9.539288548957356451e-01
5.283424278493144000e-01 9.275921783678475752e-01
5.724443894823082468e-01 8.966916804964283338e-01
5.029911425082314036e-01 9.057291290857926169e-01
5.495664002720626051e-01 8.713651778627606870e-01
5.856146913790172270e-01 9.124936864131610870e-01
5.327789027840039715e-01 9.029150732376073352e-01
5.700174676539240259e-01 8.853452630059889250e-01
5.393485956315406948e-01 9.242369579334728247e-01
5.643907189562690219e-01 9.175265170647233237e-01
5.383901933808412643e-01 9.054946244317771953e-01
5.702802553678255615e-01 9.433761454650407829e-01
5.538482941985747310e-01 9.275561007287682624e-01
5.392094727241810714e-01 9.517461577314380028e-01
5.301201094433537486e-01 9.244353849484089336e-01
5.426257130049002564e-01 9.174002453279457292e-01
5.810236354361503208e-01 9.444765134569593767e-01
5.365043050810777148e-01 9.027166462226712262e-01
5.647771714767123585e-01 9.127642687062558213e-01
5.574036573866534283e-01 8.933184212425139270e-01
5.770509035259927533e-01 8.567176563965653857e-01
5.588876350651559299e-01 8.313370373042787698e-01
5.481133387951956371e-01 8.873114943358106910e-01
5.920761775208297495e-01 8.626704668446496527e-01
5.339073441436985590e-01 8.666209683238328410e-01
5.555950595909786571e-01 8.708600909156505310e-01
5.266729529609992522e-01 8.451728118911898679e-01
5.720888531635003327e-01 9.139367919763330406e-01
5.878097416951353349e-01 8.917129663034850662e-01
4.741772425839761440e-01 8.275308463814128324e-01
4.672365553168137953e-01 8.232195685114366279e-01
4.476665996815631376e-01 7.919041777906054014e-01
4.516393315917206497e-01 8.331769968973230522e-01
4.710856224204294507e-01 8.417634749981961484e-01
4.902227512327835268e-01 7.660004329316689731e-01
5.134871929634725607e-01 8.652680568583591691e-01
4.504954321312083509e-01 7.948625441951078230e-01
4.347745435995733487e-01 8.198463092575222211e-01
4.643304323630798591e-01 7.557363446136085017e-01
4.751665610363110526e-01 8.353777328811602398e-01
4.569105439705677951e-01 8.405548740890396164e-01
4.930515836824287956e-01 8.431344252832094766e-01
4.717348626547742119e-01 8.425391442384010388e-01
4.515311248859965043e-01 7.883685691608340873e-01
4.401075883816914502e-01 7.983801140053394807e-01
4.564777171476712136e-01 8.372898477523630367e-01
4.742854492897002894e-01 8.278014286745075667e-01
4.609451082839962077e-01 8.539216393679197603e-01
4.736671252569909507e-01 8.040984197994083260e-01
4.905937456524091522e-01 7.798001298795006475e-01
4.246340294631401613e-01 8.348185294754311148e-01
4.635729854230109526e-01 7.761021718738725372e-01
4.713329520335131639e-01 7.432534814921711863e-01
4.800049465922616720e-01 7.963597662168987457e-01
5.048770308079949531e-01 7.872862399884551499e-01
4.667728122922817913e-01 8.362977126776823811e-01
4.915057736006554490e-01 8.496464391370228686e-01
4.869765500610594988e-01 8.337903167616711464e-01
5.505248025227620357e-01 7.931127786997619333e-01
4.341253033652285320e-01 7.980012987950068082e-01
4.757694269682026800e-01 8.209286384299011585e-01
4.913821087941135368e-01 8.169781369507179702e-01
5.208607070535313799e-01 8.324734829352766763e-01
4.741927006847938553e-01 8.027996247925536233e-01
4.757230526657494907e-01 8.486723428818817583e-01
5.157286175820439134e-01 8.269896817952233636e-01
4.664791083767448332e-01 8.238870048344036912e-01
4.748419409191386720e-01 7.994804819972580745e-01
5.038877123556599891e-01 8.171765639656540792e-01
4.954939636116306723e-01 8.067501262717368116e-01
4.731415498291879906e-01 8.172306804242730482e-01
4.660617396546660185e-01 8.210188325275994403e-01
4.538807562102920024e-01 8.557796377805036991e-01
4.352228285232876415e-01 8.163467782668302197e-01
5.021718631648915965e-01 8.168879428530196884e-01
4.873011701782318794e-01 8.089508622555739992e-01
5.009197569986550969e-01 8.400678259614691168e-01
4.814425499683108733e-01 8.123241215094884060e-01
4.700190134640058193e-01 7.616169997835341432e-01
4.695861866411092933e-01 7.785013348726459448e-01
4.852607008702910507e-01 8.251857998412583939e-01
4.831893153607147995e-01 8.212713760011545183e-01
4.661081139571192078e-01 7.769860740313153658e-01
4.916139803063795388e-01 8.399595930442311786e-01
4.997758575381428536e-01 7.835702431632873832e-01
4.464299516161444603e-01 8.277292733963489413e-01
4.499234824009522016e-01 7.789523053611371317e-01
4.694779799353851479e-01 7.451655963633739832e-01
4.663554435702029766e-01 8.377047406017750220e-01
4.854152818784683854e-01 8.454794718233639150e-01
4.575597842049126118e-01 8.207482502345047060e-01
4.725232257964786520e-01 8.535428241575870878e-01
4.902227512327835268e-01 8.261418572768598478e-01
4.685041195838679506e-01 7.918861389710657450e-01
4.646086781777990504e-01 8.383360992856627725e-01
4.872084215733255008e-01 8.259975467205425970e-01
4.850442874588428155e-01 8.462190634244894927e-01
4.466154488259572175e-01 8.074716790533227329e-01
4.651187955047842992e-01 7.952233205859008391e-01
4.922786786415421223e-01 8.232917237895952534e-01
4.861727288185373475e-01 8.068403203694349823e-01
4.914439411973844929e-01 8.316436972364528168e-01
4.788146728292961840e-01 8.053611371671838270e-01
4.924487177505371682e-01 8.351071505880655055e-01
4.935307848077785109e-01 8.191427952954758451e-01
4.755220973551189667e-01 8.175553791759867517e-01
4.386390688040067154e-01 7.264773793202973229e-01
4.530151025644989504e-01 8.245544411573706434e-01
4.916294384071973056e-01 8.331950357168627086e-01
4.764341253033652079e-01 7.751821920773505070e-01
4.776089409655129847e-01 7.855003968540298365e-01
4.751201867338578633e-01 8.427195324337974913e-01
4.292096273051893007e-01 7.973879789306588250e-01
4.749965219273160066e-01 8.201710080092359245e-01
4.534170131857599984e-01 8.380114005339490690e-01
4.826946561345473174e-01 8.097084926762392332e-01
4.699726391615526300e-01 8.470668879428530085e-01
4.824009522190103594e-01 8.272783029078577544e-01
4.594456725046760504e-01 8.170502922288765957e-01
4.566941305591195044e-01 8.166534381990042668e-01
4.701272201697299646e-01 7.927159246698896045e-01
5.038104218515713217e-01 7.908398874377661203e-01
4.893725556878081862e-01 8.190165235586983616e-01
4.434465381583218568e-01 8.157695360415614383e-01
4.679630860552472793e-01 7.986506962984342151e-01
4.583172311449815184e-01 8.135507612381845943e-01
4.674838849298975085e-01 7.916877119561296361e-01
4.637584826328237098e-01 7.766974529186809750e-01
4.864509746332565387e-01 8.009055487408903717e-01
4.905473713499559629e-01 8.350710729489861928e-01
4.667418960906463132e-01 7.932390504365394168e-01
4.433228733517800002e-01 8.091673280900497645e-01
4.916448965080150169e-01 8.620030305216827005e-01
4.581626501368041837e-01 7.922649541813984175e-01
4.758930917747445366e-01 7.906053827837505876e-01
4.658762424448532058e-01 8.292806118767588330e-01
4.891716003771776622e-01 8.515765928277653218e-01
4.557202702076023071e-01 8.125405873439641713e-01
4.740072034749810426e-01 7.932210116169997605e-01
4.519484936080753190e-01 8.019518002741901075e-01
4.520103260113462196e-01 8.163467782668302197e-01
4.785209689137592814e-01 7.969009308030882144e-01
4.702045106738186320e-01 8.055595641821199360e-01
5.129925337373050231e-01 7.851215816436972750e-01
5.039959190613840789e-01 7.743524063785265366e-01
4.754911811534834887e-01 8.284147485388556609e-01
4.482849237142724763e-01 8.318240854318493804e-01
4.714720749408727873e-01 8.135507612381845943e-01
5.053407738325269571e-01 8.185475142506674073e-01
5.216645282960535868e-01 8.550220073598383541e-01
4.517939125998979844e-01 7.871960458907568681e-01
4.367840967058786994e-01 8.398152824879140388e-01
4.826637399329118394e-01 8.014647521466194968e-01
4.586263931613361877e-01 8.074897178728623892e-01
4.883059467313845547e-01 7.881340645068186657e-01
4.753675163469416320e-01 7.728191067176564122e-01
4.557048121067845403e-01 8.026192365971570597e-01
4.565704657525776478e-01 8.268634100584457691e-01
4.612851865019863551e-01 8.119813839382350462e-01
4.550555718724397791e-01 8.199725809942997046e-01
4.563695104419471238e-01 8.147052456887221572e-01
5.303983552580729954e-01 8.794826466556028288e-01
4.598784993275726318e-01 8.050183995959304672e-01
4.676075497364393652e-01 7.816220506530052736e-01
4.624136278616808871e-01 8.066779709935781861e-01
4.848278740473945247e-01 8.343134425283209588e-01
5.286825060673046028e-01 8.221913557976765485e-01
4.625372926682227992e-01 8.508009235875604315e-01
4.635729854230109526e-01 8.114402193520455775e-01
4.870692986659658774e-01 8.107908218486182816e-01
4.534479293873954764e-01 7.969189696226278707e-01
4.819217510936606441e-01 8.157154195829424692e-01
4.618416781314247932e-01 8.142903528393101720e-01
4.804377734151581980e-01 7.889277725665632124e-01
4.420707671855436116e-01 7.680388195396493645e-01
4.676075497364393652e-01 8.112959087957284376e-01
4.788919633333848513e-01 8.128652860956778747e-01
4.832666058648034668e-01 8.082112706544484215e-01
4.723686447883013173e-01 7.753445414532073032e-01
3.639764418543537938e-01 8.002020347788441068e-01
3.953100122118996529e-01 8.077783389854967799e-01
3.328438268074384587e-01 8.536149794357457132e-01
3.746579895194076526e-01 7.965581932318348546e-01
3.578550339305313077e-01 8.171585251461144228e-01
3.745497828136835072e-01 7.860415614402193052e-01
3.738077939744323119e-01 7.755790461072227249e-01
3.941351965497518761e-01 8.050725160545494363e-01
3.762501739036341886e-01 8.086261635038602957e-01
3.723701905983830551e-01 8.238328883757847221e-01
3.841801796231315014e-01 8.023306154845226690e-01
3.391043576386205127e-01 8.047838949419150456e-01
3.123463851231237931e-01 8.072552132188469676e-01
3.712108330370530451e-01 8.094559492026841552e-01
3.352398324341871461e-01 8.113680640738869521e-01
3.386869889165416980e-01 7.880258315895807275e-01
3.533258103909353576e-01 8.101775019842701875e-01
3.704533860969841386e-01 7.926798470308102917e-01
4.002720625743921290e-01 8.088967457969550301e-01
3.497859053036743715e-01 8.311386102893426608e-01
3.929294646859686768e-01 7.920124107078432285e-01
3.645174753829744652e-01 8.175734179955264080e-01
3.604365367670928078e-01 8.308680279962479265e-01
3.577313691239894511e-01 8.182047766794140475e-01
3.417940671809061581e-01 8.429179594487337113e-01
3.366465196086008693e-01 8.183851648748106111e-01
3.274025753195962118e-01 8.363518291363013502e-01
3.366465196086008693e-01 7.873583952666137753e-01
3.595863412221174671e-01 8.167436322967025486e-01
3.805629840317818480e-01 7.812432354426726011e-01
3.373421341453988753e-01 8.411501551338480542e-01
3.581796540477036883e-01 7.921927989032397921e-01
3.862361070318900413e-01 8.212713760011545183e-01
3.384396593034579848e-01 8.217223464896457052e-01
3.654604195328561844e-01 8.193953387690309231e-01
3.766830007265307145e-01 8.037917598672342789e-01
3.527693187614969750e-01 8.255104985929720973e-01
3.200599774311728152e-01 8.145609351324049063e-01
3.492448717750537002e-01 8.169600981311783139e-01
3.585661065681470250e-01 7.579010029583663766e-01
3.383623687993693174e-01 8.155350313875460166e-01
3.572985423010928696e-01 7.895591312504509629e-01
3.240017931396948492e-01 7.920304495273828849e-01
3.456122180828863355e-01 8.112598311566491249e-01
3.299995362569754787e-01 8.576917526517064960e-01
3.162572846300103491e-01 8.157334584024821256e-01
3.616422686308760071e-01 8.161483512518941108e-01
3.589834752902258397e-01 8.257089256079082062e-01
3.616886429333291963e-01 7.893787430550545103e-01
3.750444420398509893e-01 7.725304856050220215e-01
3.716282017591318598e-01 8.348365682949707711e-01
3.552889891947875189e-01 8.126488202612021094e-01
3.245119104666800425e-01 7.964138826755177147e-01
3.418713576849948255e-01 8.494299733025471033e-01
3.446538158321868495e-01 8.116566851865213428e-01
3.569120897806495329e-01 8.152824879139909386e-01
3.228733517800003172e-01 7.877732881160256495e-01
3.513780896879009630e-01 8.061368064073887174e-01
3.222704858481086898e-01 8.055776030016595923e-01
3.532176036852112122e-01 8.258712749837651135e-01
3.600500842466494711e-01 7.977848329605310429e-01
3.799755762007079873e-01 7.662710152247637074e-01
3.711335425329643778e-01 7.302294537845442912e-01
3.776568610780479673e-01 7.949888159318854175e-01
4.002102301711211729e-01 7.730896890107511465e-01
3.611630675055262918e-01 8.044231185511220295e-01
3.641928552658020291e-01 8.179702720253986259e-01
3.452566817640784769e-01 8.041886138971066078e-01
3.636518217371813577e-01 8.009596651995093408e-01
3.628325423938414951e-01 7.683094018327440988e-01
3.336631061507783214e-01 8.105202395555234363e-01
3.181586310305915544e-01 8.290461072227433004e-01
3.941815708522051209e-01 8.587019265459268080e-01
3.232288880988081758e-01 8.353236164225412708e-01
3.568657154781963436e-01 8.028537412511724813e-01
3.784143080181168739e-01 7.973158236525001996e-01
3.743488275030529833e-01 8.167255934771628922e-01
3.891886042880771668e-01 7.620860090915650975e-01
3.657541234483931425e-01 7.919222166101450577e-01
3.637291122412700251e-01 8.336460062053538955e-01
3.744261180071416506e-01 8.303449022295981141e-01
3.638836932494473597e-01 8.342773648892416460e-01
3.501723578241177082e-01 7.755429684681434122e-01
3.306487764913202954e-01 8.152644490944512823e-01
3.705615928027082839e-01 7.636373475719748782e-01
4.003802692801162189e-01 8.290461072227433004e-01
3.562937657479401943e-01 8.352514611443827564e-01
3.736686710670726885e-01 7.668662962695721452e-01
3.776259448764124893e-01 8.025651201385380906e-01
3.507752237560093356e-01 8.414207374269427886e-01
3.546552070612604690e-01 8.306335233422325048e-01
3.601119166499203716e-01 7.572696442744786260e-01
3.402173408974973334e-01 8.125947038025831404e-01
4.040438391739191171e-01 8.103759289992062964e-01
3.291802569136356160e-01 7.878093657551049622e-01
3.396917654696943734e-01 8.130997907496932964e-01
3.649503022058709911e-01 8.098528032325564840e-01
3.626470451840286824e-01 8.505123024749260408e-01
3.602046652548268058e-01 8.182949707771123293e-01
3.714272464485013359e-01 8.149758279818168916e-01
3.846748388492989834e-01 8.341691319720037079e-01
3.730658051351811166e-01 8.063352334223248263e-01
3.416549442735465347e-01 7.645392885489573631e-01
3.823097494241857186e-01 7.995887149144960127e-01
3.501259835216645189e-01 8.045133126488203112e-01
3.703451793912599932e-01 7.778519373692185379e-01
3.808412298465010393e-01 8.051627101522476071e-01
3.623842574701272023e-01 7.973158236525001996e-01
3.793108778655454594e-01 7.863121437333140396e-01
3.517181679058910548e-01 8.098708420520961404e-01
3.553508215980584750e-01 7.958366404502489333e-01
3.100585862020991956e-01 8.296774659066310509e-01
3.129028767525621757e-01 8.070026697452918896e-01
3.939496993399391189e-01 8.497185944151814940e-01
3.384087431018225067e-01 8.059203405729129521e-01
3.897605540183333162e-01 8.293888447939966602e-01
4.178942975066083365e-01 8.191067176563965324e-01
3.436026649765809848e-01 7.780864420232339596e-01
3.814440957783926667e-01 7.849772710873800241e-01
3.511153019739994829e-01 8.193231834908724087e-01
3.363991899955171561e-01 7.871058517930586973e-01
3.193025304911038531e-01 7.852117757413954457e-01
3.898069283207865054e-01 8.240673930298001437e-01
3.555363188078712877e-01 8.059744570315318102e-01
3.410829945432903854e-01 8.369651490006494443e-01
3.656768329443044752e-01 8.476982466267407590e-01
3.262432177582662018e-01 8.177177285518435479e-01
3.625079222766691145e-01 8.038097986867739353e-01
3.864679785441560433e-01 8.230572191355797207e-01
3.432935029602263155e-01 8.576556750126271833e-01
3.796354979827178400e-01 8.289739519445847860e-01
3.614103971186100051e-01 7.797640522404213348e-01
3.510689276715462936e-01 7.961793780215022931e-01
4.192236941769334480e-01 8.367486831661735680e-01
3.920019786369046688e-01 8.387509921350746467e-01
3.294585027283548073e-01 8.178440002886211424e-01
3.214666646055865384e-01 8.162926618082112507e-01
4.061925151875840356e-01 8.454794718233639150e-01
3.759719280889149973e-01 8.020059167328089655e-01
3.718136989689446725e-01 8.600007215527816218e-01
3.811194756612202861e-01 7.802871780070712582e-01
3.627707099905705390e-01 7.969550472617071835e-01
3.127792119460203191e-01 8.262140125550183622e-01
3.591225981975854631e-01 8.296594270870913945e-01
3.607147825818119991e-01 7.965762320513745109e-01
3.922183920483529596e-01 8.233278014286744551e-01
3.869162634678703361e-01 8.040443033407893569e-01
3.442055309084726122e-01 7.720434374774515218e-01
3.742251626965111266e-01 8.633018255285374032e-01
3.393207710500688035e-01 7.860776390792986179e-01
8.683742715369989762e-01 6.603831445270221812e-01
9.191695908240713475e-01 6.249368641316112027e-01
8.867384953084663790e-01 6.889205570387474387e-01
9.006044117419733652e-01 7.079154340139981461e-01
8.535035785503393146e-01 6.262897755970848745e-01
8.794422717224962271e-01 6.629085792625730722e-01
8.610935060518464246e-01 6.340645068186737676e-01
9.124607750691750008e-01 6.211306732087452653e-01
7.902026557017204356e-01 6.169456670755465444e-01
8.361595894328422984e-01 6.158633379031676069e-01
8.486806510952064064e-01 6.455011184068114583e-01
8.752222101992549463e-01 7.149505736344613505e-01
8.920251657881312912e-01 6.666606537268201516e-01
8.968017189408109546e-01 5.958222093946171638e-01
8.997696742978157358e-01 5.892921567212641154e-01
8.464701426782705873e-01 6.254599898982610151e-01
8.697036682073240321e-01 5.727866368424849863e-01
8.857800930577669485e-01 6.485857565480914744e-01
8.298372261983892884e-01 6.557652067248719296e-01
8.757632437278756177e-01 6.277509199797964845e-01
8.656691038938956195e-01 6.336496139692618934e-01
8.010233262741339733e-01 6.304928205498232519e-01
8.283841647215223203e-01 6.203008875099214059e-01
8.521432656783787252e-01 6.436070423551483177e-01
8.648961988530089462e-01 6.344613608485460965e-01
8.650662379620039921e-01 6.558373620030305551e-01
8.825029756844073869e-01 6.467999134136661610e-01
8.650507798611862809e-01 6.515441229525940070e-01
8.958278585892937018e-01 6.486218341871707871e-01
8.471657572150685933e-01 6.228804387040911550e-01
8.668748357576787633e-01 6.464752146619525686e-01
8.542764835912259880e-01 6.848077061837073432e-01
8.797514337388508965e-01 6.333970704957068154e-01
8.649116569538266575e-01 6.175770257594342949e-01
8.433939806155416052e-01 6.319359261129952055e-01
8.668284614552256295e-01 6.440219352045601919e-01
8.745575118640923629e-01 6.405945594920268160e-01
8.488816064058369859e-01 6.190562089616855612e-01
8.883152215918752592e-01 6.712244750703514340e-01
8.701364950302206136e-01 6.560899054765856331e-01
8.638605060982207373e-01 6.065913846597879022e-01
8.481396175665857351e-01 6.160076484594848578e-01
8.915614227635992872e-01 5.821307453640234275e-01
8.461146063594626732e-01 6.624936864131610870e-01
8.642469586186640740e-01 6.327837506313587213e-01
8.121686169637198915e-01 6.447434879861462242e-01
8.605988468256789981e-01 6.635218991269211664e-01
8.744802213600036955e-01 6.604913774442600083e-01
8.788394057906045997e-01 6.643156071866657131e-01
8.754540817115209483e-01 6.510570748250233963e-01
8.470575505093443924e-01 6.311963345118695168e-01
8.669366681609497194e-01 6.249007864925318900e-01
8.861201712757570403e-01 6.265603578901797199e-01
8.756086627196982830e-01 6.123998845515549183e-01
8.749130481829002770e-01 5.711090266252976111e-01
8.797050594363976517e-01 6.285626668590806876e-01
8.529007126184476872e-01 6.563424489501407111e-01
8.556831707656397112e-01 6.337398080669600642e-01
8.836314170441019744e-01 5.886427592178368196e-01
8.448779582940439958e-01 6.349484089761165961e-01
8.608461764387627113e-01 6.486218341871707871e-01
8.688998469648019363e-01 6.826069701998701555e-01
8.721460481365259643e-01 6.004401471967674153e-01
8.812508695181709983e-01 6.554224691536185698e-01
8.828739701040330123e-01 6.575871274983765558e-01
8.567343216212456314e-01 6.350927195324338470e-01
8.444451314711474144e-01 6.366079803737643150e-01
8.612635451608415815e-01 6.282740457464464079e-01
8.608616345395804226e-01 6.660292950429324010e-01
9.077151381181307599e-01 5.726603651057075028e-01
8.958278585892937018e-01 6.506602207951511785e-01
8.035893710098777065e-01 6.193989465329389210e-01
9.064784900527120826e-01 5.849989176708275673e-01
8.686216011500826895e-01 6.370589508622556130e-01
8.808798750985453729e-01 6.411357240782162847e-01
8.728416626733239703e-01 6.515080453135146943e-01
8.842033667743580683e-01 6.438595858287033957e-01
8.639687128039449382e-01 6.311422180532505477e-01
9.008208251534216560e-01 6.269572119200519378e-01
8.778500873382696357e-01 6.101089544700194489e-01
8.529161707192653985e-01 6.197236452846526245e-01
9.076069314124066700e-01 6.072768598022945108e-01
8.651744446677280820e-01 6.559095172811890695e-01
8.888253389188603970e-01 6.550075763042066956e-01
8.762888191556785777e-01 5.982935276715491968e-01
8.489588969099256532e-01 6.347680207807201436e-01
8.976364563849685840e-01 6.314128003463452821e-01
8.643242491227527413e-01 6.743632296702504192e-01
8.627938971417971059e-01 6.361750487048127845e-01
8.955805289762099886e-01 6.878021502272890775e-01
8.789630705971464009e-01 6.346778266830218618e-01
8.789630705971464009e-01 6.927808644202323451e-01
8.468102208962606792e-01 6.239808066960098598e-01
8.607379697330386215e-01 6.298253842268561886e-01
8.353866843919556251e-01 6.640450248935709787e-01
8.693172156868806955e-01 6.442023233999567555e-01
8.629948524524276854e-01 6.110830507251605592e-01
8.800605957552055658e-01 6.217439930730932485e-01
8.629175619483390181e-01 6.573345840248213667e-01
8.377517738170688899e-01 6.587776895879933203e-01
8.877587299624367656e-01 6.164405801284363884e-01
8.047641866720254278e-01 6.581643697236453372e-01
8.728416626733239703e-01 6.462046323688578342e-01
8.561778299918072488e-01 6.184248502777978107e-01
8.674313273871172569e-01 6.230969045385670313e-01
9.010063223632344132e-01 6.395663467782668477e-01
8.984557357283083912e-01 6.229886716213290931e-01
8.483251147763986033e-01 6.414243451908506755e-01
8.765361487687622910e-01 6.783858864275922329e-01
8.443832990678765693e-01 6.114438271159535754e-01
8.508138690080536692e-01 6.435709647160690050e-01
8.805861711830084149e-01 6.503715996825167878e-01
8.620209921009104326e-01 6.239808066960098598e-01
8.455271985283887570e-01 6.597878634822137434e-01
8.446306286809602826e-01 6.732448228587921690e-01
8.797205175372153629e-01 6.584710296558192733e-01
8.734599867060333089e-01 6.215636048776967959e-01
8.587593328283686933e-01 6.210585179305866399e-01
8.549566400272062827e-01 6.283462010246049223e-01
8.470266343077089699e-01 6.958113861028933922e-01
9.050872609791160706e-01 6.230969045385670313e-01
9.051027190799338928e-01 6.243235442672631086e-01
8.415544666182313005e-01 6.511653077422613345e-01
8.522050980816496812e-01 5.883000216465834598e-01
8.893199981450279346e-01 6.247384371166750938e-01
8.829203444064862571e-01 6.484775236308536472e-01
8.209642763290102563e-01 6.635399379464608227e-01
8.571671484441421018e-01 6.166570459629121537e-01
8.641387519129399841e-01 6.216537989753950777e-01
8.699819140220432789e-01 6.623493758568439471e-01
9.358334235055880690e-01 6.151778627606608874e-01
8.937564730797173951e-01 6.579479038891694609e-01
8.518341036620240558e-01 6.399992784472183782e-01
8.851772271258753211e-01 6.146908146330903877e-01
8.668902938584965856e-01 6.463850205642542868e-01
8.789939867987819344e-01 6.061043365322172916e-01
9.040670263251456840e-01 6.446352550689082861e-01
8.094789074214342461e-01 5.962371022440291490e-01
8.885934674065943950e-01 6.089003535608630280e-01
8.146728292961926687e-01 6.688433508911176828e-01
8.371334497843594402e-01 6.103795367631141833e-01
8.370097849778176391e-01 6.263980085143228127e-01
8.590994110463588962e-01 6.439858575654808792e-01
8.519423103677482567e-01 6.174868316617360131e-01
8.717905118177180501e-01 5.988527310772783219e-01
8.704765732482107055e-01 6.237102244029151255e-01
8.539673215748713186e-01 6.616458618947975712e-01
8.827657633983089225e-01 6.345154773071650656e-01
8.758714504335997075e-01 6.033804747817302916e-01
