3.020123756532441806e-01 4.414760685494908410e-01
2.428897825620987272e-01 3.276909247619814169e-01
2.079721880781035259e-01 3.783953834698612906e-01
2.113011417399211223e-01 1.902396671925197236e-01
1.924425383696970471e-01 5.133189421775872230e-01
4.753429800813796513e-01 1.861737583193778245e-01
2.364009474939364197e-01 3.798543607713514292e-01
3.412996354832910639e-01 4.265722808466644311e-01
1.777627669933790622e-01 3.547519194530324715e-01
5.064444698183108162e-01 1.474695686294299757e-01
3.402891847717531837e-01 2.862189440859341238e-01
2.934355212708133487e-01 2.130381197679187544e-01
2.309414494877345403e-01 2.405176685972033046e-01
3.871537988913245076e-01 2.746144540827917258e-01
2.985764585177411723e-01 3.833015463144215373e-01
2.919893855381483494e-01 1.916201177169801206e-01
3.287861260201945801e-01 2.374480156068575765e-01
2.712310937820033296e-01 2.402811522061046590e-01
2.346367094436729861e-01 2.327645559872575931e-01
3.185210946134629517e-01 5.128781332285249350e-01
3.952335773908042804e-01 3.883840201836757933e-01
3.508598790116758126e-01 1.935144533350156015e-01
2.661990514656544793e-01 1.825309187230512997e-01
1.917815025865252654e-01 3.059095748197856457e-01
3.731285526634610661e-01 1.862996398111295693e-01
4.590690901554779213e-01 4.278031082435161947e-01
9.692596228290303872e-02 2.540038587545973003e-01
2.827124531976458188e-01 3.186635465497709707e-01
1.316437905220200488e-01 3.926529048991566073e-01
3.101543464145226081e-01 1.073902538985762045e-01
2.739093123482391201e-01 4.569723606315474473e-01
3.503233117006480102e-01 2.166469175705221240e-02
2.268567447908330093e-01 3.650856572765576735e-01
3.055485429655827034e-01 1.728627622465330194e-01
3.092120141587409443e-01 3.553189802006635478e-01
1.344248228085426766e-01 2.728064152384345742e-01
4.413391125057345432e-01 3.033831634059486193e-01
4.507240828610991068e-01 3.188762446421735675e-01
4.898695122368675881e-01 2.853619691648384138e-01
1.793285287797826699e-01 3.392757154818902832e-01
3.404290958500868491e-01 2.555204599087180783e-01
2.593036506922938300e-01 4.112315571237807887e-01
2.529202246836510515e-01 3.567966934413318580e-01
2.961381419622635125e-01 3.912408995676273094e-01
2.153404572176688681e-01 3.542137035157473801e-01
2.197555514711481695e-01 1.970376909668033749e-01
1.367835631599702562e-01 2.942990350843390224e-01
2.312249644159077577e-01 3.538522580175479382e-01
2.196421325084355614e-01 5.227513113740325235e-01
3.330556308911861163e-01 2.090262827971435255e-01
5.387835798093683071e-01 6.217315628767270397e-01
6.877334576106061137e-01 7.605858703377439411e-01
8.913841743325393585e-01 5.699838254643767588e-01
6.434220479653833813e-01 6.605832772317674628e-01
7.343331677361895071e-01 5.389488898227716707e-01
5.441384537022272427e-01 7.701154655926065740e-01
8.163581258054436463e-01 6.519372592624250728e-01
8.103782532835315244e-01 6.518261299521426189e-01
7.046315900288526723e-01 5.226231378681687190e-01
9.474369105107389721e-01 6.671199235766241964e-01
6.456163459432155971e-01 5.832368866848769429e-01
7.597434534490108415e-01 6.242899145306277653e-01
7.891386963935859145e-01 6.904730704679062914e-01
7.248305851703075176e-01 6.829673387871773027e-01
7.829663445349690498e-01 6.573253620278225462e-01
6.103169323620839526e-01 7.217570379109168321e-01
5.851298769647870213e-01 6.398490884899704634e-01
7.274615879470925917e-01 7.352129563909329812e-01
7.313816074477733631e-01 7.722019162513084067e-01
7.172633996550368263e-01 7.316956072917497611e-01
6.939450188791315144e-01 6.807459207479498176e-01
7.747324075802478616e-01 7.435892397083898597e-01
7.079129309028800998e-01 6.523526600509812479e-01
7.280915831269013649e-01 5.730661487282280309e-01
6.554144930181500239e-01 8.192421382048153955e-01
8.371407158037634799e-01 7.001364710090789423e-01
7.423483496433089801e-01 6.040824480984064992e-01
7.665091470502103377e-01 7.975866618137633646e-01
7.218191397707509616e-01 5.905759387717273157e-01
6.882755834264286943e-01 7.796245659079813484e-01
8.249378706871841604e-01 7.710030898327563387e-01
6.795609813298525426e-01 7.426427522342138321e-01
6.761212091458734808e-01 6.510016510311319449e-01
6.854521085265323777e-01 7.928508936870650725e-01
5.656121675061116516e-01 6.538443035666851033e-01
7.010720314510769935e-01 7.019264807543256213e-01
7.830822496913368846e-01 7.457370183459730573e-01
7.295911367095027078e-01 8.410136891445644247e-01
6.333876193490883821e-01 7.712844072719092781e-01
7.084512565717345778e-01 6.321962962887880400e-01
5.583902998414772556e-01 6.804616608065661154e-01
6.553636978868980778e-01 8.603036460104881433e-01
7.985479348505012398e-01 7.365813092959988539e-01
6.881550744902956707e-01 7.094574575809080574e-01
6.928933571965064653e-01 7.049037599601348791e-01
5.132380657722788175e-01 6.890386776146169012e-01
7.654326982560952786e-01 7.453574220328994526e-01
7.676456667998151628e-01 6.239112762793012079e-01
6.681723550699070202e-01 5.809396406219746734e-01
8.449220752812107715e-01 7.627698589811477969e-01
