3.187677958318481108e-01 5.131630797995114790e-01
2.563651256009891743e-01 3.809014715694770681e-01
2.195103291532003453e-01 4.398393348960050742e-01
2.230239706684153667e-01 2.211308391807053630e-01
2.031191061217534899e-01 5.966718199533578293e-01
5.017146522454296598e-01 2.164047068528966167e-01
2.495162948280099380e-01 4.415352213522067970e-01
3.602346833830921691e-01 4.958392107540411375e-01
1.876249120350944599e-01 4.123566383777799715e-01
5.345416293157710941e-01 1.714157196860608690e-01
3.591681736236262967e-01 3.326952587185069143e-01
3.097151039984601950e-01 2.476313110560983966e-01
2.437539079654812146e-01 2.795729969442337093e-01
4.086328013995357278e-01 3.192064282840942901e-01
3.151412565896195006e-01 4.455421618772828496e-01
3.081887377395338690e-01 2.227354476591908439e-01
3.470269337965252165e-01 2.760048928166030091e-01
2.862787915195214583e-01 2.792980749533814366e-01
2.476541781733903047e-01 2.705609316741404702e-01
3.361924061431767474e-01 5.961594323201000467e-01
4.171608399526507416e-01 4.514499293182595019e-01
3.703253220549917457e-01 2.249373860408542536e-01
2.809675752680496630e-01 2.121703419130064050e-01
2.024213965689185268e-01 3.555832597460086286e-01
3.938294450258614243e-01 2.165510290175596264e-01
4.845378991071875308e-01 4.972699002583336192e-01
1.023033420036936619e-01 2.952490785462749123e-01
2.983971281478180471e-01 3.704082250813639510e-01
1.389472893251058327e-01 4.564119967641863118e-01
3.273614770268200025e-01 1.248283142778485733e-01
2.891055956439164132e-01 5.311756642560787611e-01
3.697589863918196995e-01 2.518261064859893955e-02
2.394425869143522734e-01 4.243683715274023660e-01
3.225001470555641792e-01 2.009322674013468146e-01
3.263668648839664344e-01 4.130157786130453923e-01
1.418826111979083759e-01 3.171047995710908896e-01
4.658242755898331366e-01 3.526466089186491848e-01
4.757299170644779807e-01 3.706554611513131481e-01
5.170471055141724337e-01 3.316991279627327094e-01
1.892775411115356077e-01 3.943674039453671232e-01
3.593158468636927227e-01 2.970119458329053552e-01
2.736896228293553279e-01 4.780074558916461713e-01
2.669520491314912314e-01 4.147334433556289501e-01
3.125676640596818379e-01 4.547707095999656279e-01
2.272873843405407712e-01 4.117310267814778824e-01
2.319474247131490530e-01 2.290327280147331224e-01
1.443722126956545615e-01 3.420873972220165871e-01
2.440531520893146344e-01 4.113108896591077257e-01
2.318277133514168309e-01 6.076358199784492875e-01
3.515333075968555820e-01 2.429680308417468126e-01
5.686748888840776894e-01 7.226885132475044937e-01
7.258883942360516706e-01 8.840900231735987491e-01
9.408375000421052015e-01 6.625379633197880924e-01
6.791186208045568717e-01 7.678489801770689294e-01
7.750734213429887332e-01 6.264635658840405075e-01
5.743268471658932173e-01 8.951670368524951016e-01
8.616490625907384793e-01 7.577990193179736655e-01
8.553374312244995670e-01 7.576698447982587181e-01
7.437240223721111043e-01 6.074868336217620346e-01
1.000000000000000000e+00 7.754470490393472470e-01
6.814346567891051976e-01 6.779430604409719674e-01
8.018934506567330089e-01 7.256622907803147449e-01
8.329195196418740510e-01 8.025922866535062372e-01
7.650436426205623475e-01 7.938677720992142195e-01
8.264047303296342406e-01 7.640620437633353079e-01
6.441768582069256066e-01 8.389561537463456897e-01
6.175924438592522714e-01 7.437479678915250858e-01
7.678206114589062325e-01 8.545970481473117442e-01
7.719581107025946798e-01 8.975922859704983381e-01
7.570566353261226622e-01 8.505085508876588651e-01
7.324445682668659918e-01 7.912856395585363689e-01
8.177139807257556292e-01 8.643334747640074589e-01
7.471874095777653046e-01 7.582818730062993451e-01
7.684855582989751355e-01 6.661207951235879055e-01
6.917763977179576251e-01 9.522709127223992764e-01
8.835846551011848904e-01 8.138248329596681208e-01
7.835332795332282663e-01 7.021735301247834515e-01
8.090344998665978116e-01 9.270990138335876152e-01
7.618651244879585116e-01 6.864738299208922312e-01
7.264605967856972990e-01 9.062202276177228066e-01
8.707048052861707799e-01 8.961987937725849340e-01
7.172625150982545605e-01 8.632332963809851156e-01
7.136319069323506792e-01 7.567114867524290522e-01
7.234804776151508854e-01 9.215942503135681196e-01
5.969919065124923430e-01 7.600157300259935411e-01
7.399669821530882041e-01 8.159055050032512080e-01
8.265270658171817164e-01 8.668300103157782210e-01
7.700683059901042293e-01 9.775777343785794216e-01
6.685274896115724896e-01 8.965257916185866982e-01
7.477556011511380385e-01 7.348525130870836586e-01
5.893693750441528767e-01 7.909552214059435427e-01
6.917227845109056306e-01 1.000000000000000000e+00
8.428507755941495594e-01 8.561875945914787511e-01
7.263334021041347732e-01 8.246593640174563200e-01
7.313345611825333714e-01 8.193662356645891043e-01
5.417121288800172962e-01 8.009249766752897237e-01
8.078983305004130422e-01 8.663887750439832613e-01
8.102340728798470559e-01 7.252221691406094406e-01
7.052420563916096397e-01 6.752727869002804750e-01
8.917977185686537522e-01 8.866286485223714431e-01
